  0.000000   5.400000
  0.004888   5.239529
  0.009775   4.454365
  0.014663   3.171245
  0.019550   1.587042
  0.024438  -0.068167
  0.029326  -1.572259
  0.034213  -2.748026
  0.039101  -3.488711
  0.043988  -3.767760
  0.048876  -3.632027
  0.053763  -3.181397
  0.058651  -2.540564
  0.063539  -1.830048
  0.068426  -1.143154
  0.073314  -0.533567
  0.078201  -0.015331
  0.083089   0.426362
  0.087977   0.817777
  0.092864   1.178368
  0.097752   1.507249
  0.102639   1.778468
  0.107527   1.946482
  0.112414   1.960256
  0.117302   1.781851
  0.122190   1.403924
  0.127077   0.860626
  0.131965   0.227955
  0.136852  -0.387666
  0.141740  -0.870682
  0.146628  -1.122877
  0.151515  -1.088613
  0.156403  -0.772310
  0.161290  -0.243144
  0.166178   0.375209
  0.171065   0.928423
  0.175953   1.264266
  0.180841   1.267172
  0.185728   0.886785
  0.190616   0.153710
  0.195503  -0.821658
  0.200391  -1.867644
  0.205279  -2.783652
  0.210166  -3.379761
  0.215054  -3.515190
  0.219941  -3.127449
  0.224829  -2.245976
  0.229717  -0.987440
  0.234604   0.466144
  0.239492   1.901620
  0.244379   3.113851
  0.249267   3.941585
  0.254154   4.292820
  0.259042   4.155045
  0.263930   3.589278
  0.268817   2.710460
  0.273705   1.659638
  0.278592   0.574831
  0.283480  -0.432744
  0.288368  -1.292242
  0.293255  -1.974602
  0.298143  -2.483078
  0.303030  -2.836883
  0.307918  -3.053550
  0.312805  -3.135595
  0.317693  -3.065633
  0.322581  -2.811502
  0.327468  -2.339959
  0.332356  -1.634888
  0.337243  -0.714449
  0.342131   0.358483
  0.347019   1.476713
  0.351906   2.501395
  0.356794   3.285223
  0.361681   3.701441
  0.366569   3.672111
  0.371457   3.188761
  0.376344   2.319893
  0.381232   1.202643
  0.386119   0.019456
  0.391007  -1.035830
  0.395894  -1.795510
  0.400782  -2.151070
  0.405670  -2.074499
  0.410557  -1.623027
  0.415445  -0.926079
  0.420332  -0.157186
  0.425220   0.503108
  0.430108   0.905259
  0.434995   0.961456
  0.439883   0.662540
  0.444770   0.077721
  0.449658  -0.662399
  0.454545  -1.395349
  0.459433  -1.961973
  0.464321  -2.239415
  0.469208  -2.164763
  0.474096  -1.744663
  0.478983  -1.049536
  0.483871  -0.194688
  0.488759   0.686571
  0.493646   1.471063
  0.498534   2.068532
  0.503421   2.434203
  0.508309   2.569024
  0.513196   2.508757
  0.518084   2.305869
  0.522972   2.009842
  0.527859   1.651686
  0.532747   1.237051
  0.537634   0.749791
  0.542522   0.164801
  0.547410  -0.533772
  0.552297  -1.334540
  0.557185  -2.186914
  0.562072  -2.999618
  0.566960  -3.651497
  0.571848  -4.013239
  0.576735  -3.975559
  0.581623  -3.477385
  0.586510  -2.527031
  0.591398  -1.210579
  0.596285   0.315667
  0.601173   1.848199
  0.606061   3.170742
  0.610948   4.093256
  0.615836   4.487353
  0.620723   4.310532
  0.625611   3.613890
  0.630499   2.531531
  0.635386   1.253852
  0.640274  -0.009633
  0.645161  -1.070013
  0.650049  -1.792903
  0.654936  -2.119649
  0.659824  -2.071848
  0.664712  -1.739013
  0.669599  -1.252921
  0.674487  -0.755046
  0.679374  -0.364683
  0.684262  -0.154921
  0.689150  -0.141366
  0.694037  -0.285362
  0.698925  -0.509872
  0.703812  -0.723293
  0.708700  -0.844786
  0.713587  -0.824663
  0.718475  -0.654974
  0.723363  -0.368119
  0.728250  -0.024547
  0.733138   0.306594
  0.738025   0.568234
  0.742913   0.731677
  0.747801   0.803856
  0.752688   0.823460
  0.757576   0.846944
  0.762463   0.928240
  0.767351   1.097869
  0.772239   1.347523
  0.777126   1.624953
  0.782014   1.841495
  0.786901   1.891272
  0.791789   1.677998
  0.796676   1.143071
  0.801564   0.287863
  0.806452  -0.815851
  0.811339  -2.030921
  0.816227  -3.175322
  0.821114  -4.054570
  0.826002  -4.499478
  0.830890  -4.401214
  0.835777  -3.735920
  0.840665  -2.573246
  0.845552  -1.066575
  0.850440   0.573323
  0.855327   2.115837
  0.860215   3.351526
  0.865103   4.128113
  0.869990   4.374247
  0.874878   4.106590
  0.879765   3.419523
  0.884653   2.460561
  0.889541   1.397537
  0.894428   0.385140
  0.899316  -0.461949
  0.904203  -1.083958
  0.909091  -1.476785
  0.913978  -1.679866
  0.918866  -1.755428
  0.923754  -1.765240
  0.928641  -1.751176
  0.933529  -1.724546
  0.938416  -1.666557
  0.943304  -1.539139
  0.948192  -1.302548
  0.953079  -0.934319
  0.957967  -0.443760
  0.962854   0.122589
  0.967742   0.686706
  0.972630   1.155124
  0.977517   1.441463
  0.982405   1.489684
  0.987292   1.291812
  0.992180   0.894941
  0.997067   0.394881
  1.001955  -0.082944
  1.006843  -0.411475
  1.011730  -0.492544
  1.016618  -0.282695
  1.021505   0.192218
  1.026393   0.837762
  1.031281   1.507630
  1.036168   2.033267
  1.041056   2.260197
  1.045943   2.083140
  1.050831   1.472000
  1.055718   0.482719
  1.060606  -0.749752
  1.065494  -2.035179
  1.070381  -3.163568
  1.075269  -3.945023
  1.080156  -4.245517
  1.085044  -4.011180
  1.089932  -3.276299
  1.094819  -2.153874
  1.099707  -0.811421
  1.104594   0.562228
  1.109482   1.791627
  1.114370   2.743542
  1.119257   3.344228
  1.124145   3.582527
  1.129032   3.499577
  1.133920   3.169035
  1.138807   2.673688
  1.143695   2.084760
  1.148583   1.449039
  1.153470   0.786505
  1.158358   0.098109
  1.163245  -0.619518
  1.168133  -1.357560
  1.173021  -2.082346
  1.177908  -2.731097
  1.182796  -3.218335
  1.187683  -3.452187
  1.192571  -3.356922
  1.197458  -2.895996
  1.202346  -2.089320
  1.207234  -1.019435
  1.212121   0.176232
  1.217009   1.326573
  1.221896   2.257646
  1.226784   2.826752
  1.231672   2.952190
  1.236559   2.631747
  1.241447   1.945265
  1.246334   1.040095
  1.251222   0.102067
  1.256109  -0.682055
  1.260997  -1.162646
  1.265885  -1.257611
  1.270772  -0.968491
  1.275660  -0.378823
  1.280547   0.364775
  1.285435   1.084558
  1.290323   1.609551
  1.295210   1.811129
  1.300098   1.628681
  1.304985   1.080152
  1.309873   0.255756
  1.314761  -0.703059
  1.319648  -1.634128
  1.324536  -2.387399
  1.329423  -2.852777
  1.334311  -2.977222
  1.339198  -2.768169
  1.344086  -2.283728
  1.348974  -1.613230
  1.353861  -0.853781
  1.358749  -0.089052
  1.363636   0.624486
  1.368524   1.260979
  1.373412   1.818365
  1.378299   2.304276
  1.383187   2.719632
  1.388074   3.045532
  1.392962   3.238112
  1.397849   3.233807
  1.402737   2.964459
  1.407625   2.378806
  1.412512   1.464722
  1.417400   0.265895
  1.422287  -1.112497
  1.427175  -2.512155
  1.432063  -3.743809
  1.436950  -4.619457
  1.441838  -4.988262
  1.446725  -4.768357
  1.451613  -3.967269
  1.456500  -2.685842
  1.461388  -1.104008
  1.466276   0.549325
  1.471163   2.036460
  1.476051   3.153087
  1.480938   3.763826
  1.485826   3.823945
  1.490714   3.382997
  1.495601   2.570090
  1.500489   1.564383
  1.505376   0.557491
  1.510264  -0.283994
  1.515152  -0.848030
  1.520039  -1.092941
  1.524927  -1.047085
  1.529814  -0.793671
  1.534702  -0.445293
  1.539589  -0.114812
  1.544477   0.110377
  1.549365   0.184946
  1.554252   0.109950
  1.559140  -0.075034
  1.564027  -0.308797
  1.568915  -0.529129
  1.573803  -0.691247
  1.578690  -0.778967
  1.583578  -0.805770
  1.588465  -0.805868
  1.593353  -0.818182
  1.598240  -0.868267
  1.603128  -0.953822
  1.608016  -1.038644
  1.612903  -1.057600
  1.617791  -0.932245
  1.622678  -0.593639
  1.627566  -0.006690
  1.632454   0.810553
  1.637341   1.778443
  1.642229   2.761604
  1.647116   3.589266
  1.652004   4.086705
  1.656891   4.111459
  1.661779   3.586472
  1.666667   2.522544
  1.671554   1.024455
  1.676442  -0.721433
  1.681329  -2.476357
  1.686217  -3.989640
  1.691105  -5.042477
  1.695992  -5.486219
  1.700880  -5.267460
  1.705767  -4.435071
  1.710655  -3.128150
  1.715543  -1.547905
  1.720430   0.080280
  1.725318   1.546495
  1.730205   2.689632
  1.735093   3.418138
  1.739980   3.715084
  1.744868   3.628081
  1.749756   3.247923
  1.754643   2.682055
  1.759531   2.029650
  1.764418   1.364014
  1.769306   0.725720
  1.774194   0.126760
  1.779081  -0.436950
  1.783969  -0.969520
  1.788856  -1.461043
  1.793744  -1.880325
  1.798631  -2.177056
  1.803519  -2.293232
  1.808407  -2.180844
  1.813294  -1.820769
  1.818182  -1.237112
  1.823069  -0.502088
  1.827957   0.271237
  1.832845   0.947941
  1.837732   1.398436
  1.842620   1.527870
  1.847507   1.300733
  1.852395   0.754289
  1.857283  -0.003253
  1.862170  -0.810581
  1.867058  -1.484135
  1.871945  -1.855838
  1.876833  -1.809674
  1.881720  -1.309036
  1.886608  -0.408543
  1.891496   0.752736
  1.896383   1.975682
  1.901271   3.038339
  1.906158   3.738318
  1.911046   3.931629
  1.915934   3.559960
  1.920821   2.661000
  1.925709   1.360070
  1.930596  -0.154662
  1.935484  -1.667695
  1.940371  -2.974725
  1.945259  -3.916226
  1.950147  -4.399644
  1.955034  -4.406659
  1.959922  -3.985540
  1.964809  -3.231918
  1.969697  -2.263658
  1.974585  -1.196342
  1.979472  -0.125047
  1.984360   0.884066
  1.989247   1.791776
  1.994135   2.575787
  1.999022   3.217163
  2.003910   3.688515
  2.008798   3.948552
  2.013685   3.945594
  2.018573   3.629835
  2.023460   2.971366
  2.028348   1.978863
  2.033236   0.713099
  2.038123  -0.709737
  2.043011  -2.127694
  2.047898  -3.355321
  2.052786  -4.214902
  2.057674  -4.570418
  2.062561  -4.356786
  2.067449  -3.597433
  2.072336  -2.405460
  2.077224  -0.967084
  2.082111   0.490089
  2.086999   1.737932
  2.091887   2.589616
  2.096774   2.933773
  2.101662   2.753875
  2.106549   2.128843
  2.111437   1.214860
  2.116325   0.212382
  2.121212  -0.674557
  2.126100  -1.278151
  2.130987  -1.497538
  2.135875  -1.314440
  2.140762  -0.791204
  2.145650  -0.052622
  2.150538   0.743617
  2.155425   1.440787
  2.160313   1.913705
  2.165200   2.089693
  2.170088   1.956214
  2.174976   1.554835
  2.179863   0.964418
  2.184751   0.278775
  2.189638  -0.415069
  2.194526  -1.052544
  2.199413  -1.597742
  2.204301  -2.039617
  2.209189  -2.380513
  2.214076  -2.621487
  2.218964  -2.749766
  2.223851  -2.733008
  2.228739  -2.523033
  2.233627  -2.068867
  2.238514  -1.336083
  2.243402  -0.327200
  2.248289   0.902950
  2.253177   2.242236
  2.258065   3.529799
  2.262952   4.578101
  2.267840   5.205009
  2.272727   5.269647
  2.277615   4.704285
  2.282502   3.534871
  2.287390   1.884839
  2.292278  -0.039750
  2.297165  -1.981703
  2.302053  -3.675128
  2.306940  -4.890589
  2.311828  -5.474051
  2.316716  -5.371867
  2.321603  -4.636967
  2.326491  -3.415343
  2.331378  -1.916038
  2.336266  -0.371187
  2.341153   1.005525
  2.346041   2.053587
  2.350929   2.687112
  2.355816   2.899684
  2.360704   2.753128
  2.365591   2.354179
  2.370479   1.825400
  2.375367   1.277490
  2.380254   0.789135
  2.385142   0.398220
  2.390029   0.105060
  2.394917  -0.114817
  2.399804  -0.293077
  2.404692  -0.451873
  2.409580  -0.593109
  2.414467  -0.696782
  2.419355  -0.728717
  2.424242  -0.655208
  2.429130  -0.459902
  2.434018  -0.157443
  2.438905   0.200946
  2.443793   0.532719
  2.448680   0.739977
  2.453568   0.732951
  2.458456   0.455491
  2.463343  -0.094030
  2.468231  -0.852383
  2.473118  -1.695520
  2.478006  -2.457565
  2.482893  -2.961701
  2.487781  -3.056896
  2.492669  -2.652581
  2.497556  -1.743430
  2.502444  -0.418207
  2.507331   1.150103
  2.512219   2.731649
  2.517107   4.079464
  2.521994   4.973798
  2.526882   5.262083
  2.531769   4.886466
  2.536657   3.893489
  2.541544   2.424250
  2.546432   0.687495
  2.551320  -1.078420
  2.556207  -2.646691
  2.561095  -3.838042
  2.565982  -4.544776
  2.570870  -4.739133
  2.575758  -4.465824
  2.580645  -3.822103
  2.585533  -2.931180
  2.590420  -1.915771
  2.595308  -0.877798
  2.600196   0.111855
  2.605083   1.012637
  2.609971   1.804778
  2.614858   2.475292
  2.619746   3.004896
  2.624633   3.360672
  2.629521   3.497393
  2.634409   3.367700
  2.639296   2.938509
  2.644184   2.208857
  2.649071   1.223548
  2.653959   0.077604
  2.658847  -1.091385
  2.663734  -2.122899
  2.668622  -2.861820
  2.673509  -3.189607
  2.678397  -3.051218
  2.683284  -2.471128
  2.688172  -1.553889
  2.693060  -0.467982
  2.697947   0.584542
  2.702835   1.406749
  2.707722   1.845898
  2.712610   1.824544
  2.717498   1.356861
  2.722385   0.546452
  2.727273  -0.434125
  2.732160  -1.377908
  2.737048  -2.084938
  2.741935  -2.401827
  2.746823  -2.251291
  2.751711  -1.645741
  2.756598  -0.682561
  2.761486   0.477299
  2.766373   1.642261
  2.771261   2.627171
  2.776149   3.286534
  2.781036   3.537282
  2.785924   3.367125
  2.790811   2.828062
  2.795699   2.017984
  2.800587   1.055803
  2.805474   0.056603
  2.810362  -0.887346
  2.815249  -1.715842
  2.820137  -2.399342
  2.825024  -2.928914
  2.829912  -3.301876
  2.834800  -3.508473
  2.839687  -3.524457
  2.844575  -3.312551
  2.849462  -2.833058
  2.854350  -2.060991
  2.859238  -1.004850
  2.864125   0.278800
  2.869013   1.680223
  2.873900   3.044089
  2.878788   4.189892
  2.883675   4.942040
  2.888563   5.163708
  2.893451   4.787063
  2.898338   3.832722
  2.903226   2.413276
  2.908113   0.718967
  2.913001  -1.012489
  2.917889  -2.536398
  2.922776  -3.643926
  2.927664  -4.198595
  2.932551  -4.158984
  2.937439  -3.583040
  2.942326  -2.613303
  2.947214  -1.446429
  2.952102  -0.293618
  2.956989   0.659630
  2.961877   1.286134
  2.966764   1.535671
  2.971652   1.436578
  2.976540   1.081087
  2.981427   0.598737
  2.986315   0.124583
  2.991202  -0.230342
  2.996090  -0.399847
  3.000978  -0.370728
  3.005865  -0.177540
  3.010753   0.113385
  3.015640   0.425631
  3.020528   0.693945
  3.025415   0.879448
  3.030303   0.975142
  3.035191   1.000925
  3.040078   0.990254
  3.044966   0.972941
  3.049853   0.959633
  3.054741   0.933042
  3.059629   0.849146
  3.064516   0.648744
  3.069404   0.276769
  3.074291  -0.295663
  3.079179  -1.052670
  3.084066  -1.924229
  3.088954  -2.789816
  3.093842  -3.495776
  3.098729  -3.883705
  3.103617  -3.824149
  3.108504  -3.248201
  3.113392  -2.169539
  3.118280  -0.691168
  3.123167   1.005674
  3.128055   2.689147
  3.132942   4.115946
  3.137830   5.074241
  3.142717   5.421725
  3.147605   5.110967
  3.152493   4.196917
  3.157380   2.825206
  3.162268   1.203910
  3.167155  -0.435099
  3.172043  -1.877076
  3.176931  -2.959290
  3.181818  -3.593198
  3.186706  -3.770304
  3.191593  -3.551867
  3.196481  -3.046125
  3.201369  -2.379261
  3.206256  -1.667244
  3.211144  -0.994912
  3.216031  -0.406391
  3.220919   0.092195
  3.225806   0.519961
  3.230694   0.903133
  3.235582   1.257412
  3.240469   1.576193
  3.245357   1.828170
  3.250244   1.965042
  3.255132   1.937088
  3.260020   1.712017
  3.264907   1.291407
  3.269795   0.719436
  3.274682   0.080531
  3.279570  -0.514618
  3.284457  -0.952037
  3.289345  -1.141254
  3.294233  -1.039308
  3.299120  -0.665636
  3.304008  -0.103407
  3.308895   0.514116
  3.313783   1.029995
  3.318671   1.297471
  3.323558   1.213824
  3.328446   0.746511
  3.333333  -0.054745
  3.338221  -1.063223
  3.343109  -2.097334
  3.347996  -2.955337
  3.352884  -3.455425
  3.357771  -3.472737
  3.362659  -2.965382
  3.367546  -1.983961
  3.372434  -0.662667
  3.377322   0.805974
  3.382209   2.207172
  3.387097   3.342993
  3.391984   4.066373
  3.396872   4.303296
  3.401760   4.059262
  3.406647   3.409837
  3.411535   2.478599
  3.416422   1.408381
  3.421310   0.332830
  3.426197  -0.645360
  3.431085  -1.465274
  3.435973  -2.106456
  3.440860  -2.577424
  3.445748  -2.898496
  3.450635  -3.084673
  3.455523  -3.133965
  3.460411  -3.024775
  3.465298  -2.723236
  3.470186  -2.198376
  3.475073  -1.440607
  3.479961  -0.477798
  3.484848   0.616495
  3.489736   1.726236
  3.494624   2.708275
  3.499511   3.417378
  3.504399   3.735689
  3.509286   3.599835
  3.514174   3.018949
  3.519062   2.078653
  3.523949   0.929054
  3.528837  -0.241517
  3.533724  -1.241947
  3.538612  -1.915545
  3.543500  -2.170985
  3.548387  -2.000108
  3.553275  -1.478533
  3.558162  -0.748769
  3.563050   0.010584
  3.567937   0.622886
  3.572825   0.950494
  3.577713   0.922797
  3.582600   0.549339
  3.587488  -0.084489
  3.592375  -0.837808
  3.597263  -1.545744
  3.602151  -2.054812
  3.607038  -2.254311
  3.611926  -2.097052
  3.616813  -1.605405
  3.621701  -0.862187
  3.626588   0.010615
  3.631476   0.879626
  3.636364   1.627535
  3.641251   2.173878
  3.646139   2.484828
  3.651026   2.570653
  3.655914   2.472720
  3.660802   2.244486
  3.665689   1.932297
  3.670577   1.561566
  3.675464   1.132234
  3.680352   0.624681
  3.685239   0.014230
  3.690127  -0.710167
  3.695015  -1.528835
  3.699902  -2.381512
  3.704790  -3.168646
  3.709677  -3.764957
  3.714565  -4.043130
  3.719453  -3.902625
  3.724340  -3.296849
  3.729228  -2.251824
  3.734115  -0.871058
  3.739003   0.675739
  3.743891   2.178779
  3.748778   3.424366
  3.753666   4.233806
  3.758553   4.496868
  3.763441   4.192573
  3.768328   3.392708
  3.773216   2.247192
  3.778104   0.954344
  3.782991  -0.277626
  3.787879  -1.269718
  3.792766  -1.903665
  3.797654  -2.139520
  3.802542  -2.016170
  3.807429  -1.635493
  3.812317  -1.134485
  3.817204  -0.652156
  3.822092  -0.298893
  3.826979  -0.135029
  3.831867  -0.162884
  3.836755  -0.333179
  3.841642  -0.563253
  3.846530  -0.761817
  3.851417  -0.853690
  3.856305  -0.798275
  3.861193  -0.597467
  3.866080  -0.291547
  3.870968   0.055171
  3.875855   0.374552
  3.880743   0.614879
  3.885630   0.755408
  3.890518   0.811127
  3.895406   0.826364
  3.900293   0.858910
  3.905181   0.959055
  3.910068   1.149439
  3.914956   1.411649
  3.919844   1.683927
  3.924731   1.871584
  3.929619   1.868416
  3.934506   1.584419
  3.939394   0.973166
  3.944282   0.051836
  3.949169  -1.091719
  3.954057  -2.307686
  3.958944  -3.407990
  3.963832  -4.200586
  3.968719  -4.527335
  3.973607  -4.297297
  3.978495  -3.508035
  3.983382  -2.249994
  3.988270  -0.692612
  3.993157   0.945184
  3.998045   2.434074
  4.002933   3.574926
  4.007820   4.232542
  4.012708   4.355848
  4.017595   3.980898
  4.022483   3.216892
  4.027370   2.219077
  4.032258   1.155095
  4.037146   0.172437
  4.042033  -0.626034
  4.046921  -1.193805
  4.051808  -1.538270
  4.056696  -1.706141
  4.061584  -1.761559
  4.066471  -1.763181
  4.071359  -1.746406
  4.076246  -1.715163
  4.081134  -1.644941
  4.086022  -1.495581
  4.090909  -1.229712
  4.095797  -0.831162
  4.100684  -0.317720
  4.105572   0.255909
  4.110459   0.806413
  4.115347   1.239831
  4.120235   1.474809
  4.125122   1.465121
  4.130010   1.215309
  4.134897   0.784738
  4.139785   0.278133
  4.144673  -0.176021
  4.149560  -0.454663
  4.154448  -0.470245
  4.159335  -0.194482
  4.164223   0.330328
  4.169110   0.995788
  4.173998   1.647485
  4.178886   2.116798
  4.183773   2.257674
  4.188661   1.980306
  4.193548   1.274071
  4.198436   0.214371
  4.203324  -1.048488
  4.208211  -2.316285
  4.213099  -3.380137
  4.217986  -4.060148
  4.222874  -4.239126
  4.227761  -3.883424
  4.232649  -3.046884
  4.237537  -1.857637
  4.242424  -0.491224
  4.247312   0.863631
  4.252199   2.038991
  4.257087   2.914279
  4.261975   3.430402
  4.266862   3.589577
  4.271750   3.442412
  4.276637   3.066736
  4.281525   2.544294
  4.286413   1.941467
  4.291300   1.298685
  4.296188   0.630540
  4.301075  -0.064471
  4.305963  -0.788324
  4.310850  -1.527361
  4.315738  -2.241215
  4.320626  -2.860923
  4.325513  -3.297785
  4.330401  -3.461528
  4.335288  -3.283508
  4.340176  -2.738975
  4.345064  -1.862190
  4.349951  -0.749532
  4.354839   0.451508
  4.359726   1.566202
  4.364614   2.424815
  4.369501   2.896358
  4.374389   2.916312
  4.379277   2.501750
  4.384164   1.749936
  4.389052   0.820072
  4.393939  -0.098315
  4.398827  -0.823787
  4.403715  -1.220001
  4.408602  -1.223299
  4.413490  -0.854900
  4.418377  -0.215105
  4.423265   0.539133
  4.428152   1.228218
  4.433040   1.688020
  4.437928   1.803781
  4.442815   1.532648
  4.447703   0.910349
  4.452590   0.041203
  4.457478  -0.925668
  4.462366  -1.828046
  4.467253  -2.522922
  4.472141  -2.912292
  4.477028  -2.957242
  4.481916  -2.678167
  4.486804  -2.142329
  4.491691  -1.442943
  4.496579  -0.675702
  4.501466   0.081113
  4.506354   0.778170
  4.511241   1.396025
  4.516129   1.936271
  4.521017   2.406417
  4.525904   2.803755
  4.530792   3.103735
  4.535679   3.257105
  4.540567   3.197598
  4.545455   2.858913
  4.550342   2.196925
  4.555230   1.211201
  4.560117  -0.040438
  4.565005  -1.439318
  4.569892  -2.817601
  4.574780  -3.983202
  4.579668  -4.753512
  4.584555  -4.991057
  4.589443  -4.633273
  4.594330  -3.709475
  4.599218  -2.340612
  4.604106  -0.721036
  4.608993   0.914549
  4.613881   2.332503
  4.618768   3.341631
  4.623656   3.826109
  4.628543   3.763270
  4.633431   3.222905
  4.638319   2.348671
  4.643206   1.326056
  4.648094   0.344064
  4.652981  -0.441079
  4.657869  -0.932697
  4.662757  -1.105848
  4.667644  -1.003325
  4.672532  -0.717605
  4.677419  -0.363909
  4.682307  -0.051262
  4.687195   0.141570
  4.692082   0.180019
  4.696970   0.075100
  4.701857  -0.126904
  4.706745  -0.362712
  4.711632  -0.572687
  4.716520  -0.717980
  4.721408  -0.789524
  4.726295  -0.806689
  4.731183  -0.806352
  4.736070  -0.825921
  4.740958  -0.885582
  4.745846  -0.975389
  4.750733  -1.051624
  4.755621  -1.044371
  4.760508  -0.875192
  4.765396  -0.480859
  4.770283   0.162886
  4.775171   1.024083
  4.780059   2.009189
  4.784946   2.972399
  4.789834   3.738956
  4.794721   4.138334
  4.799609   4.040461
  4.804497   3.387038
  4.809384   2.210613
  4.814272   0.636509
  4.819159  -1.133747
  4.824047  -2.854801
  4.828935  -4.279494
  4.833822  -5.202145
  4.838710  -5.494407
  4.843597  -5.126494
  4.848485  -4.169768
  4.853372  -2.780591
  4.858260  -1.169291
  4.863148   0.438902
  4.868035   1.842735
  4.872923   2.895812
  4.877810   3.523893
  4.882698   3.726287
  4.887586   3.562732
  4.892473   3.130251
  4.897361   2.536409
  4.902248   1.875626
  4.907136   1.213866
  4.912023   0.584391
  4.916911  -0.005832
  4.921799  -0.562330
  4.926686  -1.087050
  4.931574  -1.565511
  4.936461  -1.961568
  4.941349  -2.221833
  4.946237  -2.288900
  4.951124  -2.119809
  4.956012  -1.704391
  4.960899  -1.077810
  4.965787  -0.322780
  4.970674   0.440542
  4.975562   1.075866
  4.980450   1.459052
  4.985337   1.507042
  4.990225   1.200392
  4.995112   0.593455
  5.000000  -0.191213
