0.000000 1.232000
-0.043478 1.232000
-0.086957 1.232000
-0.130435 1.232000
-0.173913 1.232000
-0.217391 1.232000
-0.260870 1.232000
-0.304348 1.232000
-0.347826 1.232000
-0.391304 1.232000
-0.434783 1.232000
-0.478261 1.232000
-0.521739 1.232000
-0.565217 1.232000
-0.608696 1.232000
-0.652174 1.232000
-0.695652 1.232000
-0.739130 1.232000
-0.782609 1.232000
-0.826087 1.232000
-0.869565 1.232000
-0.913043 1.232000
-0.956522 1.232000
-1.000000 1.232000
-1.043478 1.232000
-1.086957 1.232000
-1.130435 1.232000
-1.173913 1.232000
-1.217391 1.232000
-1.260870 1.232000
-1.304348 1.232000
-1.347826 1.232000
-1.391304 1.232000
-1.434783 1.232000
-1.478261 1.232000
-1.521739 1.232000
-1.565217 1.232000
-1.608696 1.232000
-1.652174 1.232000
-1.695652 1.232000
-1.739130 1.232000
-1.782609 1.232000
-1.826087 1.232000
-1.869565 1.232000
-1.913043 1.232000
-1.956522 1.232000
-2.000000 1.232000
-2.043478 1.232000
-2.086957 1.232000
-2.130435 1.232000
-2.173913 1.232000
-2.217391 1.232000
-2.260870 1.232000
-2.304348 1.232000
-2.347826 1.232000
-2.391304 1.232000
-2.434783 1.232000
-2.478261 1.232000
-2.521739 1.232000
-2.565217 1.232000
-2.608696 1.232000
-2.652174 1.232000
-2.695652 1.232000
-2.739130 1.232000
-2.782609 1.232000
-2.826087 1.232000
-2.869565 1.232000
-2.913043 1.232000
-2.956522 1.232000
-3.000000 1.232000
-3.000000 1.232000
-3.000000 1.272116
-3.000000 1.312232
-3.000000 1.352348
-3.000000 1.392464
-3.000000 1.432580
-3.000000 1.472696
-3.000000 1.512812
-3.000000 1.552928
-3.000000 1.593043
-3.000000 1.633159
-3.000000 1.673275
-3.000000 1.713391
-3.000000 1.753507
-3.000000 1.793623
-3.000000 1.833739
-3.000000 1.873855
-3.000000 1.913971
-3.000000 1.954087
-3.000000 1.994203
-3.000000 2.034319
-3.000000 2.074435
-3.000000 2.114551
-3.000000 2.154667
-3.000000 2.194783
-3.000000 2.234899
-3.000000 2.275014
-3.000000 2.315130
-3.000000 2.355246
-3.000000 2.395362
-3.000000 2.435478
-3.000000 2.475594
-3.000000 2.515710
-3.000000 2.555826
-3.000000 2.595942
-3.000000 2.636058
-3.000000 2.676174
-3.000000 2.716290
-3.000000 2.756406
-3.000000 2.796522
-3.000000 2.836638
-3.000000 2.876754
-3.000000 2.916870
-3.000000 2.956986
-3.000000 2.997101
-3.000000 3.037217
-3.000000 3.077333
-3.000000 3.117449
-3.000000 3.157565
-3.000000 3.197681
-3.000000 3.237797
-3.000000 3.277913
-3.000000 3.318029
-3.000000 3.358145
-3.000000 3.398261
-3.000000 3.438377
-3.000000 3.478493
-3.000000 3.518609
-3.000000 3.558725
-3.000000 3.598841
-3.000000 3.638957
-3.000000 3.679072
-3.000000 3.719188
-3.000000 3.759304
-3.000000 3.799420
-3.000000 3.839536
-3.000000 3.879652
-3.000000 3.919768
-3.000000 3.959884
-3.000000 4.000000
-3.000000 4.000000
-2.956522 4.000000
-2.913043 4.000000
-2.869565 4.000000
-2.826087 4.000000
-2.782609 4.000000
-2.739130 4.000000
-2.695652 4.000000
-2.652174 4.000000
-2.608696 4.000000
-2.565217 4.000000
-2.521739 4.000000
-2.478261 4.000000
-2.434783 4.000000
-2.391304 4.000000
-2.347826 4.000000
-2.304348 4.000000
-2.260870 4.000000
-2.217391 4.000000
-2.173913 4.000000
-2.130435 4.000000
-2.086957 4.000000
-2.043478 4.000000
-2.000000 4.000000
-1.956522 4.000000
-1.913043 4.000000
-1.869565 4.000000
-1.826087 4.000000
-1.782609 4.000000
-1.739130 4.000000
-1.695652 4.000000
-1.652174 4.000000
-1.608696 4.000000
-1.565217 4.000000
-1.521739 4.000000
-1.478261 4.000000
-1.434783 4.000000
-1.391304 4.000000
-1.347826 4.000000
-1.304348 4.000000
-1.260870 4.000000
-1.217391 4.000000
-1.173913 4.000000
-1.130435 4.000000
-1.086957 4.000000
-1.043478 4.000000
-1.000000 4.000000
-0.956522 4.000000
-0.913043 4.000000
-0.869565 4.000000
-0.826087 4.000000
-0.782609 4.000000
-0.739130 4.000000
-0.695652 4.000000
-0.652174 4.000000
-0.608696 4.000000
-0.565217 4.000000
-0.521739 4.000000
-0.478261 4.000000
-0.434783 4.000000
-0.391304 4.000000
-0.347826 4.000000
-0.304348 4.000000
-0.260870 4.000000
-0.217391 4.000000
-0.173913 4.000000
-0.130435 4.000000
-0.086957 4.000000
-0.043478 4.000000
0.000000 4.000000
0.000000 4.000000
0.000000 3.994203
0.000000 3.988406
0.000000 3.982609
0.000000 3.976812
0.000000 3.971014
0.000000 3.965217
0.000000 3.959420
0.000000 3.953623
0.000000 3.947826
0.000000 3.942029
0.000000 3.936232
0.000000 3.930435
0.000000 3.924638
0.000000 3.918841
0.000000 3.913043
0.000000 3.907246
0.000000 3.901449
0.000000 3.895652
0.000000 3.889855
0.000000 3.884058
0.000000 3.878261
0.000000 3.872464
0.000000 3.866667
0.000000 3.860870
0.000000 3.855072
0.000000 3.849275
0.000000 3.843478
0.000000 3.837681
0.000000 3.831884
0.000000 3.826087
0.000000 3.820290
0.000000 3.814493
0.000000 3.808696
0.000000 3.802899
0.000000 3.797101
0.000000 3.791304
0.000000 3.785507
0.000000 3.779710
0.000000 3.773913
0.000000 3.768116
0.000000 3.762319
0.000000 3.756522
0.000000 3.750725
0.000000 3.744928
0.000000 3.739130
0.000000 3.733333
0.000000 3.727536
0.000000 3.721739
0.000000 3.715942
0.000000 3.710145
0.000000 3.704348
0.000000 3.698551
0.000000 3.692754
0.000000 3.686957
0.000000 3.681159
0.000000 3.675362
0.000000 3.669565
0.000000 3.663768
0.000000 3.657971
0.000000 3.652174
0.000000 3.646377
0.000000 3.640580
0.000000 3.634783
0.000000 3.628986
0.000000 3.623188
0.000000 3.617391
0.000000 3.611594
0.000000 3.605797
0.000000 3.600000
0.000000 3.600000
-0.002768 3.600000
-0.005536 3.600000
-0.008304 3.600000
-0.011072 3.600000
-0.013841 3.600000
-0.016609 3.600000
-0.019377 3.600000
-0.022145 3.600000
-0.024913 3.600000
-0.027681 3.600000
-0.030449 3.600000
-0.033217 3.600000
-0.035986 3.600000
-0.038754 3.600000
-0.041522 3.600000
-0.044290 3.600000
-0.047058 3.600000
-0.049826 3.600000
-0.052594 3.600000
-0.055362 3.600000
-0.058130 3.600000
-0.060899 3.600000
-0.063667 3.600000
-0.066435 3.600000
-0.069203 3.600000
-0.071971 3.600000
-0.074739 3.600000
-0.077507 3.600000
-0.080275 3.600000
-0.083043 3.600000
-0.085812 3.600000
-0.088580 3.600000
-0.091348 3.600000
-0.094116 3.600000
-0.096884 3.600000
-0.099652 3.600000
-0.102420 3.600000
-0.105188 3.600000
-0.107957 3.600000
-0.110725 3.600000
-0.113493 3.600000
-0.116261 3.600000
-0.119029 3.600000
-0.121797 3.600000
-0.124565 3.600000
-0.127333 3.600000
-0.130101 3.600000
-0.132870 3.600000
-0.135638 3.600000
-0.138406 3.600000
-0.141174 3.600000
-0.143942 3.600000
-0.146710 3.600000
-0.149478 3.600000
-0.152246 3.600000
-0.155014 3.600000
-0.157783 3.600000
-0.160551 3.600000
-0.163319 3.600000
-0.166087 3.600000
-0.168855 3.600000
-0.171623 3.600000
-0.174391 3.600000
-0.177159 3.600000
-0.179928 3.600000
-0.182696 3.600000
-0.185464 3.600000
-0.188232 3.600000
-0.191000 3.600000
-0.185834 3.650000
-0.187384 3.678756
-0.192022 3.707274
-0.199709 3.735317
-0.210382 3.762654
-0.223951 3.789056
-0.240306 3.814307
-0.259309 3.838196
-0.280804 3.860526
-0.304612 3.881111
-0.330537 3.899781
-0.358363 3.916381
-0.387859 3.930774
-0.418783 3.942840
-0.450876 3.952480
-0.483874 3.959614
-0.517502 3.964181
-0.551483 3.966146
-0.585534 3.965491
-0.619374 3.962221
-0.652721 3.956364
-0.685300 3.947969
-0.716841 3.937105
-0.747083 3.923861
-0.775774 3.908349
-0.802677 3.890695
-0.827569 3.871047
-0.850245 3.849568
-0.870515 3.826434
-0.888212 3.801839
-0.903189 3.775985
-0.915323 3.749088
-0.924512 3.721370
-0.930681 3.693060
-0.933778 3.664393
-0.933778 3.635607
-0.930681 3.606940
-0.924512 3.578630
-0.915323 3.550912
-0.903189 3.524015
-0.888212 3.498161
-0.870515 3.473566
-0.850245 3.450432
-0.827569 3.428953
-0.802677 3.409305
-0.775774 3.391651
-0.747083 3.376139
-0.716841 3.362895
-0.685300 3.352031
-0.652721 3.343636
-0.619374 3.337779
-0.585534 3.334509
-0.551483 3.333854
-0.517502 3.335819
-0.483874 3.340386
-0.450876 3.347520
-0.418783 3.357160
-0.387859 3.369226
-0.358363 3.383619
-0.330537 3.400219
-0.304612 3.418889
-0.280804 3.439474
-0.259309 3.461804
-0.240306 3.485693
-0.223951 3.510944
-0.210382 3.537346
-0.199709 3.564683
-0.192022 3.592726
-0.187384 3.621244
-0.185834 3.650000
-0.191000 3.600000
-0.188232 3.600000
-0.185464 3.600000
-0.182696 3.600000
-0.179928 3.600000
-0.177159 3.600000
-0.174391 3.600000
-0.171623 3.600000
-0.168855 3.600000
-0.166087 3.600000
-0.163319 3.600000
-0.160551 3.600000
-0.157783 3.600000
-0.155014 3.600000
-0.152246 3.600000
-0.149478 3.600000
-0.146710 3.600000
-0.143942 3.600000
-0.141174 3.600000
-0.138406 3.600000
-0.135638 3.600000
-0.132870 3.600000
-0.130101 3.600000
-0.127333 3.600000
-0.124565 3.600000
-0.121797 3.600000
-0.119029 3.600000
-0.116261 3.600000
-0.113493 3.600000
-0.110725 3.600000
-0.107957 3.600000
-0.105188 3.600000
-0.102420 3.600000
-0.099652 3.600000
-0.096884 3.600000
-0.094116 3.600000
-0.091348 3.600000
-0.088580 3.600000
-0.085812 3.600000
-0.083043 3.600000
-0.080275 3.600000
-0.077507 3.600000
-0.074739 3.600000
-0.071971 3.600000
-0.069203 3.600000
-0.066435 3.600000
-0.063667 3.600000
-0.060899 3.600000
-0.058130 3.600000
-0.055362 3.600000
-0.052594 3.600000
-0.049826 3.600000
-0.047058 3.600000
-0.044290 3.600000
-0.041522 3.600000
-0.038754 3.600000
-0.035986 3.600000
-0.033217 3.600000
-0.030449 3.600000
-0.027681 3.600000
-0.024913 3.600000
-0.022145 3.600000
-0.019377 3.600000
-0.016609 3.600000
-0.013841 3.600000
-0.011072 3.600000
-0.008304 3.600000
-0.005536 3.600000
-0.002768 3.600000
0.000000 3.600000
0.000000 3.600000
0.000000 3.572603
0.000000 3.545206
0.000000 3.517809
0.000000 3.490412
0.000000 3.463014
0.000000 3.435617
0.000000 3.408220
0.000000 3.380823
0.000000 3.353426
0.000000 3.326029
0.000000 3.298632
0.000000 3.271235
0.000000 3.243838
0.000000 3.216441
0.000000 3.189043
0.000000 3.161646
0.000000 3.134249
0.000000 3.106852
0.000000 3.079455
0.000000 3.052058
0.000000 3.024661
0.000000 2.997264
0.000000 2.969867
0.000000 2.942470
0.000000 2.915072
0.000000 2.887675
0.000000 2.860278
0.000000 2.832881
0.000000 2.805484
0.000000 2.778087
0.000000 2.750690
0.000000 2.723293
0.000000 2.695896
0.000000 2.668499
0.000000 2.641101
0.000000 2.613704
0.000000 2.586307
0.000000 2.558910
0.000000 2.531513
0.000000 2.504116
0.000000 2.476719
0.000000 2.449322
0.000000 2.421925
0.000000 2.394528
0.000000 2.367130
0.000000 2.339733
0.000000 2.312336
0.000000 2.284939
0.000000 2.257542
0.000000 2.230145
0.000000 2.202748
0.000000 2.175351
0.000000 2.147954
0.000000 2.120557
0.000000 2.093159
0.000000 2.065762
0.000000 2.038365
0.000000 2.010968
0.000000 1.983571
0.000000 1.956174
0.000000 1.928777
0.000000 1.901380
0.000000 1.873983
0.000000 1.846586
0.000000 1.819188
0.000000 1.791791
0.000000 1.764394
0.000000 1.736997
0.000000 1.709600
0.000108 1.709591
-0.026363 1.707541
-0.052528 1.705466
-0.078384 1.703367
-0.103928 1.701244
-0.129154 1.699098
-0.154061 1.696928
-0.178645 1.694736
-0.202901 1.692520
-0.226828 1.690283
-0.250422 1.688024
-0.273678 1.685742
-0.296596 1.683440
-0.319170 1.681116
-0.341398 1.678772
-0.363277 1.676407
-0.384804 1.674022
-0.405977 1.671618
-0.426791 1.669193
-0.447244 1.666750
-0.467334 1.664288
-0.487058 1.661808
-0.506412 1.659309
-0.525395 1.656793
-0.544003 1.654259
-0.562235 1.651708
-0.580087 1.649141
-0.597557 1.646557
-0.614643 1.643957
-0.631343 1.641341
-0.647653 1.638710
-0.663573 1.636065
-0.679099 1.633404
-0.694230 1.630730
-0.708963 1.628041
-0.723297 1.625339
-0.737229 1.622624
-0.750758 1.619897
-0.763881 1.617157
-0.776598 1.614405
-0.788905 1.611641
-0.800802 1.608866
-0.812287 1.606081
-0.823359 1.603285
-0.834015 1.600479
-0.844254 1.597663
-0.854075 1.594838
-0.863477 1.592004
-0.872458 1.589161
-0.881017 1.586310
-0.889152 1.583452
-0.896864 1.580586
-0.904150 1.577714
-0.911010 1.574834
-0.917442 1.571949
-0.923447 1.569058
-0.929022 1.566161
-0.934168 1.563260
-0.938883 1.560354
-0.943167 1.557443
-0.947019 1.554529
-0.950439 1.551612
-0.953427 1.548692
-0.955981 1.545769
-0.958102 1.542844
-0.959789 1.539917
-0.961042 1.536989
-0.961861 1.534060
-0.962245 1.531130
-0.962196 1.528200
-0.962196 1.528200
-0.962245 1.531130
-0.961861 1.534060
-0.961042 1.536989
-0.959789 1.539917
-0.958102 1.542844
-0.955981 1.545769
-0.953427 1.548692
-0.950439 1.551612
-0.947019 1.554529
-0.943167 1.557443
-0.938883 1.560354
-0.934168 1.563260
-0.929022 1.566161
-0.923447 1.569058
-0.917442 1.571949
-0.911010 1.574834
-0.904150 1.577714
-0.896864 1.580586
-0.889152 1.583452
-0.881017 1.586310
-0.872458 1.589161
-0.863477 1.592004
-0.854075 1.594838
-0.844254 1.597663
-0.834015 1.600479
-0.823359 1.603285
-0.812287 1.606081
-0.800802 1.608866
-0.788905 1.611641
-0.776598 1.614405
-0.763881 1.617157
-0.750758 1.619897
-0.737229 1.622624
-0.723297 1.625339
-0.708963 1.628041
-0.694230 1.630730
-0.679099 1.633404
-0.663573 1.636065
-0.647653 1.638710
-0.631343 1.641341
-0.614643 1.643957
-0.597557 1.646557
-0.580087 1.649141
-0.562235 1.651708
-0.544003 1.654259
-0.525395 1.656793
-0.506412 1.659309
-0.487058 1.661808
-0.467334 1.664288
-0.447244 1.666750
-0.426791 1.669193
-0.405977 1.671618
-0.384804 1.674022
-0.363277 1.676407
-0.341398 1.678772
-0.319170 1.681116
-0.296596 1.683440
-0.273678 1.685742
-0.250422 1.688024
-0.226828 1.690283
-0.202901 1.692520
-0.178645 1.694736
-0.154061 1.696928
-0.129154 1.699098
-0.103928 1.701244
-0.078384 1.703367
-0.052528 1.705466
-0.026363 1.707541
0.000108 1.709591
0.000000 1.709600
0.000000 1.702678
0.000000 1.695757
0.000000 1.688835
0.000000 1.681913
0.000000 1.674991
0.000000 1.668070
0.000000 1.661148
0.000000 1.654226
0.000000 1.647304
0.000000 1.640383
0.000000 1.633461
0.000000 1.626539
0.000000 1.619617
0.000000 1.612696
0.000000 1.605774
0.000000 1.598852
0.000000 1.591930
0.000000 1.585009
0.000000 1.578087
0.000000 1.571165
0.000000 1.564243
0.000000 1.557322
0.000000 1.550400
0.000000 1.543478
0.000000 1.536557
0.000000 1.529635
0.000000 1.522713
0.000000 1.515791
0.000000 1.508870
0.000000 1.501948
0.000000 1.495026
0.000000 1.488104
0.000000 1.481183
0.000000 1.474261
0.000000 1.467339
0.000000 1.460417
0.000000 1.453496
0.000000 1.446574
0.000000 1.439652
0.000000 1.432730
0.000000 1.425809
0.000000 1.418887
0.000000 1.411965
0.000000 1.405043
0.000000 1.398122
0.000000 1.391200
0.000000 1.384278
0.000000 1.377357
0.000000 1.370435
0.000000 1.363513
0.000000 1.356591
0.000000 1.349670
0.000000 1.342748
0.000000 1.335826
0.000000 1.328904
0.000000 1.321983
0.000000 1.315061
0.000000 1.308139
0.000000 1.301217
0.000000 1.294296
0.000000 1.287374
0.000000 1.280452
0.000000 1.273530
0.000000 1.266609
0.000000 1.259687
0.000000 1.252765
0.000000 1.245843
0.000000 1.238922
0.000000 1.232000
0.000022 1.233021
-0.037610 1.249219
-0.075571 1.265108
-0.113853 1.280686
-0.152450 1.295949
-0.191356 1.310896
-0.230565 1.325523
-0.270069 1.339829
-0.309862 1.353810
-0.349937 1.367465
-0.390289 1.380791
-0.430909 1.393786
-0.471792 1.406447
-0.512929 1.418774
-0.554316 1.430763
-0.595944 1.442413
-0.637806 1.453721
-0.679897 1.464687
-0.722208 1.475307
-0.764732 1.485580
-0.807463 1.495505
-0.850393 1.505080
-0.893515 1.514303
-0.936822 1.523172
-0.980307 1.531687
-1.023962 1.539846
-1.067781 1.547647
-1.111755 1.555089
-1.155877 1.562171
-1.200141 1.568891
-1.244538 1.575250
-1.289062 1.581244
-1.333704 1.586874
-1.378458 1.592139
-1.423315 1.597038
-1.468269 1.601569
-1.513312 1.605732
-1.558436 1.609527
-1.603634 1.612952
-1.648898 1.616008
-1.694221 1.618693
-1.739595 1.621008
-1.785012 1.622951
-1.830465 1.624523
-1.875947 1.625723
-1.921450 1.626552
-1.966965 1.627008
-2.012486 1.627092
-2.058005 1.626804
-2.103514 1.626143
-2.149006 1.625111
-2.194473 1.623707
-2.239908 1.621931
-2.285302 1.619784
-2.330649 1.617266
-2.375941 1.614377
-2.421170 1.611119
-2.466328 1.607491
-2.511408 1.603494
-2.556403 1.599129
-2.601305 1.594396
-2.646107 1.589296
-2.690800 1.583831
-2.735378 1.578001
-2.779833 1.571807
-2.824158 1.565249
-2.868345 1.558330
-2.912387 1.551051
-2.956277 1.543412
-3.000007 1.535414
-3.000007 1.535414
-2.989896 1.537298
-2.979777 1.539162
-2.969649 1.541007
-2.959513 1.542833
-2.949367 1.544640
-2.939214 1.546428
-2.929052 1.548196
-2.918881 1.549945
-2.908702 1.551675
-2.898516 1.553385
-2.888321 1.555076
-2.878118 1.556748
-2.867907 1.558401
-2.857689 1.560034
-2.847462 1.561648
-2.837229 1.563243
-2.826987 1.564818
-2.816739 1.566374
-2.806483 1.567910
-2.796219 1.569427
-2.785949 1.570925
-2.775672 1.572403
-2.765387 1.573861
-2.755096 1.575300
-2.744798 1.576720
-2.734494 1.578120
-2.724182 1.579501
-2.713865 1.580862
-2.703540 1.582204
-2.693210 1.583526
-2.682873 1.584828
-2.672531 1.586111
-2.662182 1.587374
-2.651827 1.588618
-2.641467 1.589842
-2.631100 1.591047
-2.620729 1.592231
-2.610351 1.593397
-2.599968 1.594542
-2.589580 1.595668
-2.579186 1.596774
-2.568787 1.597861
-2.558383 1.598928
-2.547975 1.599975
-2.537561 1.601002
-2.527142 1.602010
-2.516719 1.602998
-2.506291 1.603966
-2.495858 1.604915
-2.485421 1.605844
-2.474980 1.606753
-2.464534 1.607642
-2.454085 1.608511
-2.443631 1.609361
-2.433173 1.610191
-2.422712 1.611001
-2.412246 1.611791
-2.401777 1.612562
-2.391304 1.613313
-2.380828 1.614043
-2.370348 1.614754
-2.359865 1.615445
-2.349379 1.616117
-2.338890 1.616768
-2.328398 1.617400
-2.317902 1.618012
-2.307404 1.618603
-2.296903 1.619175
-2.286400 1.619727
-2.286386 1.619717
-2.285330 1.625511
-2.284290 1.631320
-2.283266 1.637143
-2.282259 1.642980
-2.281268 1.648832
-2.280294 1.654697
-2.279336 1.660575
-2.278395 1.666467
-2.277470 1.672372
-2.276561 1.678290
-2.275669 1.684220
-2.274794 1.690163
-2.273935 1.696118
-2.273093 1.702085
-2.272268 1.708063
-2.271460 1.714053
-2.270668 1.720054
-2.269893 1.726066
-2.269135 1.732089
-2.268394 1.738122
-2.267669 1.744166
-2.266962 1.750219
-2.266272 1.756283
-2.265598 1.762356
-2.264942 1.768438
-2.264302 1.774529
-2.263680 1.780629
-2.263075 1.786738
-2.262486 1.792854
-2.261915 1.798980
-2.261361 1.805112
-2.260825 1.811253
-2.260305 1.817401
-2.259803 1.823556
-2.259318 1.829718
-2.258850 1.835887
-2.258399 1.842062
-2.257966 1.848243
-2.257550 1.854430
-2.257151 1.860623
-2.256770 1.866822
-2.256406 1.873025
-2.256060 1.879234
-2.255730 1.885447
-2.255419 1.891665
-2.255124 1.897887
-2.254847 1.904113
-2.254587 1.910343
-2.254345 1.916576
-2.254121 1.922813
-2.253913 1.929052
-2.253724 1.935295
-2.253551 1.941540
-2.253396 1.947787
-2.253259 1.954036
-2.253139 1.960287
-2.253037 1.966539
-2.252952 1.972793
-2.252885 1.979048
-2.252835 1.985304
-2.252802 1.991560
-2.252787 1.997817
-2.252790 2.004074
-2.252810 2.010330
-2.252848 2.016587
-2.252903 2.022842
-2.252976 2.029097
-2.253066 2.035350
-2.253174 2.041602
-2.253217 2.041586
-2.261150 2.047720
-2.268494 2.054271
-2.275210 2.061206
-2.281266 2.068491
-2.286630 2.076088
-2.291275 2.083959
-2.295178 2.092063
-2.298318 2.100360
-2.300681 2.108807
-2.302253 2.117362
-2.303027 2.125981
-2.302999 2.134621
-2.302169 2.143236
-2.300542 2.151785
-2.298125 2.160223
-2.294930 2.168508
-2.290975 2.176598
-2.286279 2.184450
-2.280866 2.192027
-2.274763 2.199288
-2.268002 2.206198
-2.260616 2.212722
-2.252644 2.218825
-2.244125 2.224478
-2.235103 2.229651
-2.225624 2.234318
-2.215735 2.238456
-2.205488 2.242043
-2.194933 2.245062
-2.184126 2.247496
-2.173119 2.249335
-2.161970 2.250567
-2.150735 2.251188
-2.139470 2.251194
-2.128234 2.250584
-2.117083 2.249363
-2.106073 2.247535
-2.095261 2.245111
-2.084702 2.242103
-2.074448 2.238526
-2.064553 2.234398
-2.055066 2.229740
-2.046035 2.224576
-2.037507 2.218932
-2.029524 2.212837
-2.022127 2.206321
-2.015354 2.199417
-2.009239 2.192162
-2.003813 2.184591
-1.999104 2.176743
-1.995135 2.168657
-1.991927 2.160376
-1.989495 2.151940
-1.987853 2.143393
-1.987009 2.134778
-1.986966 2.126138
-1.987726 2.117519
-1.989284 2.108962
-1.991632 2.100512
-1.994758 2.092213
-1.998647 2.084104
-2.003279 2.076229
-2.008630 2.068627
-2.014674 2.061336
-2.021379 2.054394
-2.028711 2.047835
-2.036633 2.041694
-2.045106 2.036000
-2.054085 2.030784
-2.054189 2.030744
-2.052869 2.025148
-2.051567 2.019541
-2.050281 2.013923
-2.049013 2.008295
-2.047762 2.002657
-2.046529 1.997009
-2.045313 1.991351
-2.044115 1.985683
-2.042934 1.980005
-2.041770 1.974318
-2.040625 1.968621
-2.039496 1.962915
-2.038386 1.957200
-2.037293 1.951476
-2.036217 1.945743
-2.035160 1.940001
-2.034120 1.934251
-2.033098 1.928492
-2.032093 1.922725
-2.031107 1.916950
-2.030138 1.911167
-2.029187 1.905377
-2.028254 1.899578
-2.027339 1.893772
-2.026442 1.887959
-2.025563 1.882138
-2.024701 1.876311
-2.023858 1.870476
-2.023033 1.864634
-2.022225 1.858786
-2.021436 1.852932
-2.020665 1.847071
-2.019912 1.841204
-2.019177 1.835330
-2.018460 1.829451
-2.017761 1.823566
-2.017081 1.817676
-2.016419 1.811780
-2.015774 1.805878
-2.015149 1.799972
-2.014541 1.794060
-2.013951 1.788144
-2.013380 1.782222
-2.012827 1.776297
-2.012293 1.770367
-2.011776 1.764432
-2.011278 1.758493
-2.010798 1.752551
-2.010337 1.746604
-2.009894 1.740654
-2.009469 1.734701
-2.009063 1.728744
-2.008675 1.722783
-2.008305 1.716820
-2.007954 1.710854
-2.007622 1.704884
-2.007307 1.698913
-2.007011 1.692939
-2.006734 1.686962
-2.006475 1.680983
-2.006234 1.675002
-2.006012 1.669020
-2.005809 1.663035
-2.005623 1.657049
-2.005457 1.651062
-2.005308 1.645073
-2.005179 1.639083
-2.005067 1.633093
-2.004974 1.627101
-2.005000 1.627104
-2.002934 1.627105
-2.000869 1.627106
-1.998803 1.627106
-1.996737 1.627105
-1.994671 1.627103
-1.992606 1.627101
-1.990540 1.627098
-1.988474 1.627094
-1.986408 1.627089
-1.984343 1.627084
-1.982277 1.627078
-1.980211 1.627071
-1.978146 1.627063
-1.976080 1.627054
-1.974014 1.627045
-1.971949 1.627035
-1.969883 1.627024
-1.967817 1.627013
-1.965752 1.627000
-1.963686 1.626987
-1.961620 1.626973
-1.959555 1.626959
-1.957489 1.626943
-1.955424 1.626927
-1.953358 1.626910
-1.951293 1.626893
-1.949227 1.626874
-1.947162 1.626855
-1.945096 1.626835
-1.943031 1.626814
-1.940965 1.626793
-1.938900 1.626770
-1.936834 1.626747
-1.934769 1.626724
-1.932704 1.626699
-1.930638 1.626674
-1.928573 1.626648
-1.926508 1.626621
-1.924442 1.626593
-1.922377 1.626565
-1.920312 1.626535
-1.918247 1.626505
-1.916182 1.626475
-1.914116 1.626443
-1.912051 1.626411
-1.909986 1.626378
-1.907921 1.626344
-1.905856 1.626310
-1.903791 1.626274
-1.901726 1.626238
-1.899661 1.626201
-1.897596 1.626164
-1.895532 1.626125
-1.893467 1.626086
-1.891402 1.626046
-1.889337 1.626006
-1.887273 1.625964
-1.885208 1.625922
-1.883143 1.625879
-1.881079 1.625835
-1.879014 1.625791
-1.876950 1.625746
-1.874885 1.625700
-1.872821 1.625653
-1.870757 1.625605
-1.868692 1.625557
-1.866628 1.625508
-1.864564 1.625458
-1.862500 1.625407
-1.862500 1.625000
-1.862886 1.628855
-1.863271 1.632710
-1.863657 1.636565
-1.864042 1.640420
-1.864428 1.644275
-1.864813 1.648130
-1.865199 1.651986
-1.865584 1.655841
-1.865970 1.659696
-1.866355 1.663551
-1.866741 1.667406
-1.867126 1.671261
-1.867512 1.675116
-1.867897 1.678971
-1.868283 1.682826
-1.868668 1.686681
-1.869054 1.690536
-1.869439 1.694391
-1.869825 1.698246
-1.870210 1.702101
-1.870596 1.705957
-1.870981 1.709812
-1.871367 1.713667
-1.871752 1.717522
-1.872138 1.721377
-1.872523 1.725232
-1.872909 1.729087
-1.873294 1.732942
-1.873680 1.736797
-1.874065 1.740652
-1.874451 1.744507
-1.874836 1.748362
-1.875222 1.752217
-1.875607 1.756072
-1.875993 1.759928
-1.876378 1.763783
-1.876764 1.767638
-1.877149 1.771493
-1.877535 1.775348
-1.877920 1.779203
-1.878306 1.783058
-1.878691 1.786913
-1.879077 1.790768
-1.879462 1.794623
-1.879848 1.798478
-1.880233 1.802333
-1.880619 1.806188
-1.881004 1.810043
-1.881390 1.813899
-1.881775 1.817754
-1.882161 1.821609
-1.882546 1.825464
-1.882932 1.829319
-1.883317 1.833174
-1.883703 1.837029
-1.884088 1.840884
-1.884474 1.844739
-1.884859 1.848594
-1.885245 1.852449
-1.885630 1.856304
-1.886016 1.860159
-1.886401 1.864014
-1.886787 1.867870
-1.887172 1.871725
-1.887558 1.875580
-1.887943 1.879435
-1.888329 1.883290
-1.888714 1.887145
-1.889100 1.891000
-1.889108 1.890906
-1.890673 1.889727
-1.892270 1.888574
-1.893900 1.887448
-1.895562 1.886350
-1.897255 1.885280
-1.898978 1.884238
-1.900731 1.883226
-1.902512 1.882244
-1.904320 1.881292
-1.906156 1.880371
-1.908017 1.879480
-1.909904 1.878622
-1.911814 1.877795
-1.913748 1.877000
-1.915704 1.876239
-1.917681 1.875510
-1.919679 1.874815
-1.921696 1.874153
-1.923731 1.873526
-1.925784 1.872933
-1.927853 1.872374
-1.929938 1.871851
-1.932038 1.871363
-1.934150 1.870910
-1.936276 1.870493
-1.938412 1.870112
-1.940559 1.869767
-1.942716 1.869458
-1.944880 1.869185
-1.947052 1.868949
-1.949230 1.868750
-1.951414 1.868587
-1.953601 1.868461
-1.955792 1.868371
-1.957985 1.868319
-1.960178 1.868304
-1.962372 1.868325
-1.964564 1.868383
-1.966754 1.868479
-1.968941 1.868611
-1.971124 1.868779
-1.973301 1.868985
-1.975472 1.869227
-1.977635 1.869506
-1.979790 1.869820
-1.981936 1.870171
-1.984070 1.870558
-1.986194 1.870981
-1.988304 1.871440
-1.990401 1.871934
-1.992484 1.872463
-1.994550 1.873027
-1.996601 1.873625
-1.998633 1.874258
-2.000647 1.874925
-2.002642 1.875626
-2.004615 1.876360
-2.006568 1.877127
-2.008498 1.877927
-2.010404 1.878759
-2.012287 1.879623
-2.014144 1.880518
-2.015975 1.881445
-2.017779 1.882402
-2.019556 1.883389
-2.021304 1.884406
-2.023022 1.885452
-2.024710 1.886526
-2.026367 1.887629
-2.026367 1.887629
-2.020927 1.884183
-2.015185 1.881039
-2.009167 1.878214
-2.002905 1.875722
-1.996429 1.873574
-1.989772 1.871782
-1.982967 1.870354
-1.976048 1.869298
-1.969048 1.868618
-1.962004 1.868319
-1.954950 1.868401
-1.947920 1.868865
-1.940951 1.869708
-1.934077 1.870925
-1.927331 1.872512
-1.920749 1.874459
-1.914362 1.876757
-1.908201 1.879395
-1.902299 1.882359
-1.896684 1.885635
-1.891384 1.889207
-1.886426 1.893056
-1.881834 1.897164
-1.877631 1.901511
-1.873837 1.906073
-1.870473 1.910829
-1.867555 1.915756
-1.865096 1.920828
-1.863110 1.926020
-1.861607 1.931307
-1.860593 1.936662
-1.860074 1.942058
-1.860052 1.947469
-1.860528 1.952868
-1.861499 1.958228
-1.862960 1.963522
-1.864904 1.968723
-1.867322 1.973807
-1.870200 1.978747
-1.873526 1.983519
-1.877283 1.988099
-1.881451 1.992465
-1.886010 1.996595
-1.890937 2.000468
-1.896208 2.004064
-1.901797 2.007367
-1.907675 2.010359
-1.913814 2.013026
-1.920183 2.015355
-1.926750 2.017333
-1.933482 2.018951
-1.940347 2.020201
-1.947309 2.021076
-1.954334 2.021573
-1.961388 2.021689
-1.968434 2.021423
-1.975439 2.020777
-1.982367 2.019753
-1.989184 2.018358
-1.995855 2.016597
-2.002348 2.014480
-2.008630 2.012017
-2.014670 2.009220
-2.020437 2.006104
-2.025904 2.002684
-2.031043 1.998976
-2.035829 1.995000
-2.040237 1.990775
-2.044245 1.986322
-2.044240 1.986278
-2.043191 1.981251
-2.042157 1.976217
-2.041136 1.971175
-2.040129 1.966126
-2.039136 1.961070
-2.038156 1.956007
-2.037191 1.950936
-2.036239 1.945859
-2.035301 1.940775
-2.034377 1.935684
-2.033467 1.930587
-2.032571 1.925483
-2.031689 1.920373
-2.030821 1.915256
-2.029967 1.910133
-2.029127 1.905004
-2.028300 1.899869
-2.027488 1.894728
-2.026690 1.889581
-2.025906 1.884429
-2.025136 1.879271
-2.024381 1.874107
-2.023639 1.868938
-2.022911 1.863764
-2.022198 1.858584
-2.021499 1.853400
-2.020813 1.848210
-2.020143 1.843016
-2.019486 1.837816
-2.018843 1.832612
-2.018215 1.827404
-2.017601 1.822191
-2.017001 1.816973
-2.016415 1.811752
-2.015844 1.806526
-2.015287 1.801296
-2.014744 1.796062
-2.014216 1.790824
-2.013702 1.785583
-2.013202 1.780337
-2.012717 1.775089
-2.012246 1.769836
-2.011789 1.764581
-2.011346 1.759322
-2.010918 1.754060
-2.010505 1.748795
-2.010106 1.743527
-2.009721 1.738256
-2.009350 1.732983
-2.008994 1.727707
-2.008652 1.722428
-2.008325 1.717147
-2.008012 1.711864
-2.007714 1.706578
-2.007430 1.701290
-2.007161 1.696001
-2.006906 1.690709
-2.006665 1.685416
-2.006439 1.680121
-2.006227 1.674824
-2.006030 1.669526
-2.005848 1.664227
-2.005679 1.658926
-2.005526 1.653624
-2.005386 1.648321
-2.005262 1.643017
-2.005151 1.637713
-2.005056 1.632407
-2.004974 1.627101
-2.005000 1.627104
-1.974088 1.627045
-1.943179 1.626816
-1.912273 1.626415
-1.881375 1.625842
-1.850485 1.625097
-1.819607 1.624182
-1.788743 1.623094
-1.757895 1.621836
-1.727066 1.620406
-1.696258 1.618805
-1.665474 1.617033
-1.634715 1.615091
-1.603984 1.612977
-1.573284 1.610693
-1.542616 1.608239
-1.511984 1.605615
-1.481390 1.602820
-1.450835 1.599856
-1.420323 1.596723
-1.389856 1.593420
-1.359435 1.589948
-1.329064 1.586307
-1.298745 1.582498
-1.268479 1.578520
-1.238270 1.574375
-1.208120 1.570062
-1.178031 1.565582
-1.148005 1.560935
-1.118044 1.556122
-1.088152 1.551142
-1.058330 1.545997
-1.028580 1.540686
-0.998906 1.535211
-0.969308 1.529570
-0.939790 1.523766
-0.910354 1.517798
-0.881001 1.511667
-0.851735 1.505373
-0.822557 1.498917
-0.793470 1.492299
-0.764476 1.485520
-0.735578 1.478580
-0.706776 1.471480
-0.678075 1.464220
-0.649475 1.456802
-0.620979 1.449224
-0.592589 1.441489
-0.564308 1.433597
-0.536138 1.425548
-0.508080 1.417342
-0.480138 1.408982
-0.452312 1.400466
-0.424606 1.391797
-0.397021 1.382973
-0.369560 1.373997
-0.342224 1.364869
-0.315016 1.355590
-0.287938 1.346160
-0.260992 1.336580
-0.234180 1.326850
-0.207504 1.316972
-0.180966 1.306947
-0.154568 1.296774
-0.128313 1.286456
-0.102201 1.275991
-0.076236 1.265383
-0.050419 1.254630
-0.024753 1.243735
0.000762 1.232698
