978.141
986.957417336486
996.5040306153103
1003.6412589446272
1013.5436261336472
1023.6579721404851
1032.2246056010413
1038.3103018563233
1046.060351818757
1055.9622887885362
1066.032986071233
1074.3913163089928
1075.5106690512603
1066.2139298463217
1057.3899089840402
1047.6934004803807
1041.9198488407128
1032.79546697499
1021.8811948174913
1013.9682962615906
1006.8275825004454
1010.6903582968528
1018.0162982566742
1026.6637759531095
1036.3557674138005
1045.9743996122183
1052.368242119641
1060.0204731092035
1071.6667287276498
1079.1048969540889
1081.5145583277342
1081.2674783075988
1086.137828681168
1089.7794896217551
1090.5057190917069
1090.9240871745678
1088.7154498664934
1082.7937622562165
1075.3594034077835
1070.4338354244387
1069.043351312007
1066.05637821771
1062.4121347848647
1059.049839656785
1056.9075672417696
1060.5130932197972
1069.8089942301306
1078.2277772942812
1086.8265694837457
1096.509387211888
1104.3946637324077
1107.8319942506307
1100.970279542349
1093.6015039837748
1085.1448681353627
1074.2423510636565
1063.1525583786863
1055.3849413985904
1053.9679997484006
1053.0626354161107
1052.60654284654
1054.4990219040978
1060.9972198817557
1070.1425176293933
1078.0596978902377
1085.330327005223
1092.5359713152818
1098.6473630710527
1105.5853538183705
1113.2135354456507
1118.3196921240158
1117.02884442919
1109.0901014482574
1103.5670981961248
1096.0033597319527
1087.6341365765575
1080.5994272411424
1070.4370512887722
1061.372839604414
1057.237400239558
1055.7781873057183
1063.0396481664602
1067.0627353075624
1075.380882384337
1079.019957409593
1083.4653218240028
1093.4771159933482
1100.645711662306
1103.2505797860313
1111.6040936101429
1121.632293293709
1127.711154760235
1128.0930020020608
1128.4368843177328
1128.6569588296256
1133.1624512555377
1142.3569275946911
1152.62118441263
1160.3360182748984
1162.392850529318
1160.873300023781
1157.9867877542754
1155.4390525916606
1154.9358334067954
1158.6068192894284
1166.5633430010391
1174.3138667870398
1179.070803774667
1178.5131103614474
1172.6316985840892
1161.1265436661806
1157.259342633984
1162.4310260596847
1167.1553526192451
1170.7116049225233
1172.379065579378
1172.7795380947493
1172.4984819905
1168.5649382508716
1157.9301514304598
1158.5136020251045
1162.4631796557858
1164.8605902387005
1165.6741857662905
1164.8723182309996
1162.4233396252682
1158.29560194154
1152.457457172257
1140.4228038659958
1131.8313093638533
1127.1540298339878
1126.0644266313545
1127.0934682714226
1128.3424865977156
1128.1971464233577
1125.043112561473
1116.9819863886346
1105.4986956292807
1095.7261565897634
1089.2046528449425
1087.3816294831852
1087.5116396103585
1085.9088361140841
1080.1259173067888
1068.1270405242592
1055.6324114033987
1044.9232869168807
1037.2633333326266
1033.9162169185574
1035.3399622466702
1033.6723051008812
1028.8097768029772
1023.4881903122441
1020.443358587969
1020.5316035001629
1020.0509847945413
1016.7124284446156
1008.841007577839
1001.3679018682164
994.0853476786384
986.8064876444644
979.3444644010559
971.5124205837727
963.1234988279757
953.9908417690252
939.6966826518462
929.8651068626165
924.3372692409299
922.4162461933512
920.8626107532231
914.3154202196697
900.910664554899
886.6390930083794
879.7409539166624
877.4903045409808
877.2627192198947
874.2192722082987
866.8523879035916
856.1566507697953
843.5171388168735
835.3202803594901
831.118553470754
829.6171787421245
829.5213767650603
829.2108548547393
825.1585161460971
818.0979094721689
809.7698301939521
803.5217452941273
800.6696289924103
799.7354058537808
799.9989210631778
800.7400198055411
801.2385472658106
799.2396278332512
793.7847171480819
788.069276210526
785.5455275234272
788.2475500344642
793.644084984074
798.91682058588
801.2466594278183
795.9456208233199
787.5001624272784
785.1270222998106
785.1274716022106
786.6806842201119
790.1759712143605
796.0026436458031
804.5500125752852
803.6584136184656
803.3437694293583
805.3529599867294
808.6182450849369
812.3420058542707
820.3892393714574
830.1755675953913
836.7254736115337
838.7241432662631
842.9493720646094
842.7928864914086
835.4238564389398
828.1493412726597
821.8788642868162
817.7401611233281
816.6841523210279
816.0937479273963
814.8404088843214
813.0544708719694
810.8662695705053
808.4061406600949
805.804419820904
803.1914427330976
800.6975450768416
798.4530625323017
796.5883307796435
788.0359953790356
778.8526776776591
772.60125385376
768.9946179802673
767.7456641301105
767.7645463191863
763.071987465742
752.7756640011012
746.6576141903871
739.4380642344379
731.5105654413001
723.2686691190202
715.1059265756445
707.4158891192192
700.5921080577909
695.0281346994061
691.117520352111
687.8966241509571
682.8907108567303
676.4701239438604
669.0926690848319
661.2161519521288
653.2983782182357
645.7971535556367
639.1702836368161
633.8755741342582
631.2614587282344
628.2406463910727
624.8104307849234
621.0525509558398
617.0487459498739
612.8807548130786
608.6303165915064
604.3791703312098
600.2090550782414
596.2017098786538
592.4388737784998
589.0022858238317
585.9736850607023
583.4348105351643
581.4674012932699
580.1531963810719
579.5739348446228
579.3329422599134
579.0564483089609
578.7548910226429
578.438514837387
578.1175641896216
577.8022835157747
577.502917252274
577.2297098355477
576.9929057020238
576.8027492881306
576.6694850302956
576.6033573649472
576.6146107285132
576.7134895574218
576.9102382881009
578.623647042041
584.3640873681245
593.02851545712
603.4325685807205
614.39188401062
622.665445831555
628.3792177999828
635.353741621968
643.3562026419505
652.1537862043696
661.5136776536656
671.2030623342782
680.9891255906472
690.6390527672127
699.9200292084143
708.5992402586919
716.4438712624856
723.389150518626
731.9153171829081
741.1744542729612
750.8629358225634
760.6771358654931
770.3134284355282
779.4681875664467
787.8377872920264
795.1186016460456
801.0070046622824
806.0877476202352
810.6130209043989
813.394051317837
814.8491311691614
815.3965527669834
815.4546084199148
815.3693758945592
814.5599879126124
813.075874119636
811.271509689529
809.5013697961915
808.1199296135228
807.3522059496815
806.7479173890275
806.3281059059832
806.2142574529612
806.5278579823729
807.3903934466304
809.0008148427726
811.2379738150983
813.6058460983955
815.6095453638055
816.7541852824709
816.4472586065606
812.9589689596721
807.7830922772825
803.4540422956004
802.506232750834
809.4441937358424
814.7729637274016
818.5688184926291
821.0340594039047
822.370987833607
822.7819051541162
822.469112737811
821.6349119570707
820.481604184275
819.211490791803
818.0268731520341
817.1300526373478
816.7233306201232
816.8074914540994
817.1025933767586
817.5455760087306
818.0773861394202
818.6389705582319
819.1712760545694
819.6152494178375
819.9118374374405
820.0019869027825
819.826644603268
819.3267573283014
818.4432718672867
816.9185408851059
817.0465540703527
819.3743941446634
823.8083929490942
830.2548823247007
838.6201941125391
846.7998261208135
852.3448638311173
858.6756799145608
865.7247871455157
873.4246982983533
881.7079261474461
890.5069834671656
899.7543830318839
909.3826376159723
919.324259993803
929.5117629397479
939.8776592281785
950.3544616334667
960.8746829299845
970.7272523353134
980.6482989078686
990.8225183906371
1001.142476187426
1011.5007377020436
1021.7898683382978
1031.9024334999958
1041.7309985909455
1051.168129014955
1060.1063901758314
1068.4383474773829
1076.056566323417
1082.853612117742
1088.7220502641646
1093.5544461664936
1095.223328586205
1095.8108102190579
1096.5623214867144
1097.1255172316799
1097.1480522964603
1096.6739392772026
1096.1078912612331
1095.4932650933972
1094.89332042927
1094.3713169244272
1093.9905142344437
1093.814172014895
1086.8976745992818
1080.6972167713398
1076.796034301377
1070.542516767729
1061.6465414387562
1051.3834954479012
1043.04345079508
1039.2767744764083
1036.5862280252093
1035.362001536676
1037.5361368186466
1044.789406899829
1053.7389281673697
1062.0186283204305
1068.395054356948
1076.6547028563436
1086.4824774097708
1090.5817104898679
1089.8331568947447
1088.1672505268652
1086.055047918498
1083.9676056019146
1082.0323617466408
1078.8617534038262
1074.9449465662815
1070.9748841681333
1067.6445091435064
1065.646764426527
1064.2902477006407
1061.96121144152
1059.2632068528355
1056.8140664355653
1050.4376916636465
1040.9782985228906
1037.1063930536156
1033.5828843338195
1024.8437928485137
1015.1139455248817
1006.1712956306548
1000.160607360763
997.9115268781482
998.1157647926052
1001.0968813213591
1007.0449617118644
1017.3277876665466
1027.1049263012633
1031.9193581551474
1036.8705682990721
1045.4316537498667
1047.1839119753342
1045.234222969834
1041.7878179306776
1037.4413411815244
1032.7914370460344
1028.4347498478664
1024.9845692299084
1021.7005449528201
1017.8577562350213
1013.6658578252168
1009.3345044721121
1005.0733509244121
1001.092051930822
995.4686946440659
985.7706325773323
983.0075942211265
983.1622042127536
981.6998680996696
976.8677985438442
970.6182780407048
961.1009904240699
951.8716207282826
946.372028597229
943.7680495466436
943.5625978424578
946.6987810473856
954.1197067241408
965.4713627723497
973.087146972568
979.2660079567704
984.3056955978526
986.1328766117515
982.762826197086
980.5010619835738
971.2805059229615
965.1634637809236
959.6765273422775
955.0623944544147
951.5637629647263
949.6083608762732
947.6137690635858
944.7458802252472
941.2532881221757
937.3845865152902
933.3883691655087
929.5132298337501
926.0077622809326
923.1205602679747
919.6145414288657
917.731901569612
916.6921239956064
914.6545474038124
911.0576749202496
904.7709549080239
896.6069024273278
887.3780325383532
877.8968603012913
868.9209823407889
860.2829197897589
852.7422550623407
846.3472142120588
841.1460232924373
837.1869083570007
833.3612003792098
831.6931760372124
833.9340274366384
837.2715513730615
843.2901324772408
851.757808101009
859.7482735554777
864.3352241517591
867.1595994246742
873.1801344123113
881.3636981351649
890.6430893876433
899.9511069641552
908.2205496591087
914.3842162669123
917.6142018578396
921.9634932758369
926.3165170400378
928.7575857218515
930.2438808887046
935.2038310042536
942.3258315131953
950.0985260344635
957.0105581869923
961.5374446851682
964.5181854184378
967.4267123009618
970.3481897743501
973.3677822802131
976.5706542601613
980.0419701558042
984.9515572222039
991.1274493277945
998.1272460274355
1005.6179904012948
1013.2667255295406
1019.7062288138038
1027.8319222224977
1037.5858155648798
1048.1452757445406
1058.687669665072
1068.3903642300643
1076.4307263431087
1081.9861229077965
1085.7885258427898
1087.6896102880341
1088.1326600982138
1087.5756871432934
1086.4767032932368
1085.2937204180084
1084.8362553269064
1086.0391502772102
1088.4605001803445
1091.5987164114604
1094.9522103457095
1098.0193933582434
1100.396842430716
1106.2137286260047
1112.0062645233006
1117.685928897148
1123.1114739238149
1128.030130969987
1132.1891314023521
1135.3357065875962
1137.2170878924067
1137.768431180623
1138.988201359347
1141.2029686561505
1144.082381073342
1147.2960866132291
1150.5137332781196
1153.4049690703216
1155.639441992143
1156.8868000458915
1157.7501050557112
1158.5376397094194
1159.7326566997378
1161.9141492270544
1167.591649297217
1176.051505367403
1185.3123703126748
1193.392897008094
1198.2272689439542
1198.785284837867
1199.343019703974
1199.9005635664812
1200.4580064495954
1201.0154383775232
1201.5729493744707
1202.118479554161
1202.7412143093718
1203.596959124521
1204.5521350498216
1205.473163135488
1206.226464431733
1206.6784599887706
1206.6955708568144
1206.1442180860777
1204.8908227267748
1201.068728189317
1195.898970694656
1190.3513868721004
1185.3307225752255
1181.7417236576086
1179.4873697941307
1176.1223646326446
1171.9488803573452
1167.3808778491752
1162.8323179890795
1158.7171616580017
1155.4493697368857
1150.516278941322
1142.1312295645962
1136.6175203065384
1137.6593936958454
1141.840736733956
1145.7785090685159
1146.6737452612326
1146.8479166754182
1147.1422673984139
1147.4752200014525
1147.7651970557654
1147.930621132585
1148.1446789784138
1148.9517618905568
1149.834162353205
1150.213898118955
1152.2649788748395
1157.348660240949
1164.880537833158
1174.2762072673431
1184.9512641593794
1196.3213041251424
1207.801922780507
1218.8087157413497
1228.7572786235444
1237.0632070429676
1243.9229747406466
1251.6262351128696
1259.9949510713557
1268.6414732339385
1277.178152218455
1285.217338642738
1292.3713831246234
1298.2526362819463
1302.4734487325413
1304.6461710942433
1308.8171402078278
1316.6110859973776
1324.9495556969873
1332.8237324650283
1339.2247994598738
1343.1439398398938
1343.716345643228
1343.1487793308
1342.5213686273019
1341.8515213409632
1341.1566452800155
1340.4541482526874
1339.7614380672098
1339.0959225318122
1338.4750094547253
1337.9161066441784
1337.4366219084018
1337.053963055626
1336.7855378940806
1335.9963265132944
1334.1382449292516
1331.44205939654
1328.1154855304571
1324.3662389463036
1320.4020352593798
1316.4305900849845
1312.6596190384175
1309.2968377349791
1306.7991779075514
1303.3817258976906
1299.1232074873494
1294.2003238498228
1288.7897761584047
1283.0682655863889
1277.2124933070695
1271.3991604937405
1265.8049683196962
1260.6066179582303
1255.980810582637
1252.1042473662105
1249.1536294822445
1247.3056581040335
1243.5093019607843
1236.1343928935826
1226.561016048649
1216.0880971914837
1206.0145620875871
1197.63933650246
1192.2613462016034
1190.1195939533718
1187.6720357075924
1184.827801176091
1181.7288770611171
1178.5172500649196
1175.3349068897483
1172.3238342378518
1169.6260188114798
1167.3834473128813
1165.7381064443052
1164.8319829080012
1164.0817289227468
1159.2179343416628
1150.917671109256
1140.8706908862641
1130.7667453334245
1122.2955861114751
1117.1469648811528
1116.2943817516573
1116.6617752825434
1117.560930786549
1118.8608998641164
1120.4307341156896
1122.1394851417103
1123.8562045426224
1125.4499439188683
1126.789754870891
1127.7446889991334
1128.1837979040386
1127.9761331860493
1126.897886290037
1125.574588122148
1123.9995002462483
1122.161100110311
1120.0478651623093
1117.6482728502167
1114.950800622006
1111.9439259256517
1108.6161262091262
1104.955878920403
1100.9516615074556
1096.5919514182572
1091.8652261007812
1086.7599630030008
1081.2646395728898
1075.367733258421
1069.1303243710577
1064.0381717836842
1058.2631636465185
1051.8257253423444
1044.7462822539455
1037.0452597641058
1028.743083255609
1019.8601781112391
1010.4169697137794
1000.4338834460144
989.9313446907277
978.9297788307027
967.314911386005
956.2794163618989
946.2002223102807
937.0167966823249
928.668606929208
921.0951205021051
914.2358048521924
908.0301274306453
902.4175556886393
897.3375570773503
892.7295990479537
885.2198435666166
879.5084166741893
876.5783565621927
875.5056999673789
872.9438332134313
863.8111403955949
858.4079581317454
854.4136172008425
849.679186366304
844.552077238484
839.4985858910425
834.9571253777352
831.3923641216132
829.376535874945
829.4184555449647
832.0813100356761
837.9282862510843
846.6532438033352
853.9115351070266
859.5796094727167
864.2980973899932
868.707629348443
873.4991790304442
877.1559269031255
879.3342081843058
880.3434440520563
880.6291008470215
882.9702439431742
887.9973731862624
896.300225008801
907.8824231063503
919.4570755589065
927.7372904464665
931.346632996115
937.4255023908314
944.4154994053313
952.0447776943881
960.0414909127768
968.1337927152712
977.663629281799
987.9014891622312
995.5541974514877
1000.0526165420802
1000.5416538689522
995.5090088903985
990.0621022722851
983.6672724043251
973.4618342979163
961.6979221830658
952.2180788909083
944.1487369888362
938.8862293979448
945.6874994767248
952.2995216597828
957.0147833997196
963.894934127554
972.0591018642472
973.4912963065162
982.1500487198493
990.0202525721056
998.4086576651692
1005.2676080713817
1005.9451886906426
1004.5851552949014
1003.7935007470275
1005.9690812098568
1005.1735502718632
998.8439588366082
988.8180815898214
977.4819104709255
967.0043451842283
957.2455690693014
948.1478649265899
939.8486360333845
932.4852856669755
926.1952171046536
919.4600464274229
912.559656090411
905.659265753399
898.7588754163871
891.8584850793752
890.9106415861064
893.0861143040661
894.8301064091627
894.169089859404
889.1295366127973
881.9929014808654
876.8874259551924
873.8171605477951
872.7817745669577
875.0885149238512
884.3886119804378
894.3110821007496
903.9092267165804
912.2363472597242
918.3457451619747
920.4417112563668
915.5925900462074
906.6493953752747
897.0274444876577
890.1420546274454
888.8785607122823
892.2532921950426
898.869226161024
907.5039557446433
916.9350740803169
926.0083097337717
926.0655433667805
918.4671917062873
910.2891813568442
908.6074389230029
914.7058112024015
922.3429944583279
928.918470921467
931.7457419041915
931.7791425098067
932.640568514607
935.48174153376
941.4541377434343
951.709233319799
965.3863636800545
977.0663262570446
987.1584960978845
995.6130219836044
1002.3800526952334
1007.4097370138002
1010.6522237203343
1019.1550957035605
1026.393162655351
1031.8916223388326
1039.843938506853
1046.9476531483317
1052.7127308588326
1057.20101443574
1060.0694664340763
1060.975049408863
1059.574725915122
1061.7748698137068
1065.1729553009582
1068.5710407882095
1071.5432412279047
1074.3470692036076
1077.6810920632167
1082.1732651470816
1088.4515437955538
1099.6211537848699
1110.6553121607099
1117.3211043066858
1118.7419188771025
1119.7684754777335
1120.8775150504557
1121.9003851670666
1122.6684333993646
1118.488295900971
1113.2564730295321
1109.107500700972
1104.0695022212665
1097.2731090485934
1088.2134670171479
1078.1943461122446
1068.8649742890175
1061.8408440696455
1055.3510547773424
1050.0004387975348
1046.597112995628
1045.5618450139204
1045.8741957445118
1047.8444182967112
1050.661271088471
1053.6412972290918
1056.1010398278765
1058.1252217505712
1061.7574990634225
1065.5142278525618
1068.130517491689
1069.5226147436615
1069.2946336426562
1061.547952652311
1057.3581201686216
1060.865143722481
1054.8356569344282
1048.655728812876
1041.0091430981772
1036.8354730308506
1038.1571156283096
1029.6166700171182
1022.9399083271296
1016.7290332689671
1009.4048546976244
1009.6413151744621
1014.3997095248992
1013.5638818591341
1007.0563019969702
1000.010575618062
992.7978064619274
985.7525232828781
979.5975540922965
974.7093862355205
971.1328151530593
968.9126362854224
968.0936450731199
969.3418540495367
