-416.063
-413.16602054807345
-415.20659161787796
-417.45240741377853
-417.5352715067067
-417.1473327317552
-416.7422602210395
-416.7655832235244
-417.21346833413054
-417.17204158164145
-416.4712473784417
-414.9541629340407
-413.0390259777988
-410.86022391576336
-409.3756516448813
-411.9371343692529
-412.01480071682255
-409.7053104085737
-411.4156436627295
-414.61476663615827
-417.41931435753344
-421.7814325191897
-425.85891113381115
-428.7624311209225
-429.6610160889561
-429.02143921993985
-427.758815708234
-424.04850453919903
-417.18219487577977
-413.7387286499743
-417.5118516289128
-427.06287067859955
-419.71143457772007
-411.715567141646
-407.86621660085285
-397.6475351261514
-386.0243338679579
-378.6598725712252
-372.63911375671387
-368.6572953544416
-364.7830514540899
-356.25509431808246
-345.41091626656976
-334.5880096197021
-326.1167959125371
-324.1382507206554
-328.96955366826444
-333.69078270245683
-332.7522247418644
-328.7010450050378
-324.25860665389223
-319.7283877924046
-313.76046286126257
-315.70103330872865
-318.28572319848286
-317.70626987290666
-315.30432186988673
-313.0740427266917
-309.4143575043172
-301.00104168106833
-291.87359902910094
-283.2023194229241
-275.7487407419288
-269.3502987219635
-265.74740466654623
-264.6555468095893
-265.79021338500525
-268.7146856331276
-276.1364658362061
-285.4493121224984
-292.00565346180053
-295.24607475715607
-303.395262551089
-302.760250035681
-296.47642066947304
-290.64562442972294
-289.78872845099005
-291.304494508801
-294.0997926406236
-300.6160056541677
-308.84112997884677
-302.5849893659218
-306.76142366313604
-307.81275675627444
-300.77280795899554
-299.11279293799254
-304.35525734352416
-309.19622548803227
-310.3888357657006
-313.810672227837
-319.44054714155146
-326.46027830512827
-337.1782313060129
-347.5644666741548
-351.46123345474365
-351.58132569724114
-350.8524797135532
-347.85857570830035
-341.1834938861032
-330.68873169034106
-319.4575860678764
-308.62098779282
-299.56506168454627
-293.6759325624291
-291.89542561152393
-286.3535374710526
-277.7633698760299
-271.5337190392646
-271.6343077175752
-274.7423146402678
-278.2377183914969
-277.51643887990144
-271.17165556552317
-262.2929777472409
-252.75364451199675
-244.42689494673277
-237.4743217341399
-231.46279861268602
-225.6393661167528
-219.06608563441316
-214.474468697525
-208.98481973806923
-201.92729262181285
-193.68174940609615
-184.62805214825985
-175.14606290564424
-165.61564373558986
-156.4166566954372
-144.71172044149313
-143.0736525683774
-146.185246144898
-147.71941269698752
-144.04507503461872
-136.32501304641625
-126.1729475105719
-115.20259920527766
-104.73757935536918
-97.55961208926266
-95.43189470188705
-95.83164445146042
-96.14657905672908
-91.91440709204535
-83.83941007346394
-74.8329162374381
-67.96696644056222
-67.83661206152789
-72.17063180028728
-77.06949488123526
-78.63367052876673
-73.01362504469118
-63.108574938373195
-52.832471103305735
-44.47803086281515
-40.337971540227876
-42.60910613755788
-50.451627017241194
-60.804285652976816
-70.17334159795257
-73.56564547414378
-73.05129770804957
-69.79192188766082
-64.94914160096859
-59.68458043596377
-55.15986198063737
-52.53660982298036
-53.12809482371196
-57.43342803507392
-62.49854483700874
-65.30284209149283
-63.69327162690068
-61.00848389256126
-62.71735036819197
-70.19341905430903
-78.42581932135339
-84.94268805983403
-87.25341090097474
-87.16919072963523
-88.12904839165081
-91.75011277581837
-99.39019214068587
-108.90619368712083
-119.11208275117033
-128.0656064733489
-133.8245119941712
-135.12670966507036
-137.55169710109809
-143.2730442297875
-152.91793324667816
-164.2494123414839
-175.50299886865395
-186.74860644793281
-196.64854000274283
-203.86510445650677
-207.0606047326472
-208.91947398350257
-215.10652518145542
-224.99751539183828
-236.81026571515235
-247.55896747064756
-257.07478483120025
-263.8546376158863
-266.3965375419635
-269.04912901474114
-276.0668208607855
-282.3515952749241
-288.56526384477036
-296.1481327545111
-304.5551846419065
-313.2414021447172
-321.6617679007032
-330.1042160500386
-338.9176634683351
-347.60922180835337
-355.72113592871665
-363.1234258392449
-370.2729103544769
-374.92234480556624
-377.0714534030936
-379.63976110040255
-389.2607609627476
-398.6534576513151
-401.70925762055475
-404.89818014508006
-410.11918720550017
-418.123665117151
-427.6296234349001
-434.0073071460272
-441.76640267725514
-450.5810455438374
-460.12537126102654
-470.07351534407553
-480.0996133082378
-489.87780066876576
-499.08221294091265
-507.3869856399315
-514.4662542810751
-519.6134497369987
-526.8066249331574
-534.9250137128613
-541.6738273648358
-544.7582771778063
-548.1574839684469
-555.9220622668219
-561.0625738047911
-564.4231730731334
-569.3573747567441
-575.4545743434956
-582.3041673212599
-589.4955491779094
-596.6181154013163
-603.2612614793529
-609.0143828998915
-613.4668751508044
-617.2298428132033
-621.8673634514425
-627.2307666169485
-633.1598611713156
-639.4944559761391
-646.0743598930136
-652.7393817835341
-659.3293305092953
-665.684014931892
-669.4715747412753
-674.1270931031601
-679.6796719029661
-686.0416062610301
-693.1251912976885
-700.8427221332779
-709.1064938881348
-717.8288016825957
-726.9219406369972
-736.2982058716759
-745.8698925069684
-755.5492956632111
-765.2487104607407
-774.8804320198935
-784.3567554610064
-793.5899759044157
-802.492388470458
-813.3472325017547
-824.578482768618
-836.0272727326427
-847.5446063753109
-858.9814876781082
-870.188920622517
-881.0179091900206
-891.3194573621024
-900.9445691202461
-909.7442484459352
-917.5694993206525
-924.271325725882
-929.7007316431071
-933.708721053811
-936.1462979394773
-938.4884416023378
-940.9415544274085
-943.1561200472418
-945.3613083637471
-947.7862892788346
-950.0155004031282
-951.9028138754516
-954.3833273496565
-957.3323257162466
-960.6250938657247
-964.1369166885945
-967.7430790753592
-971.3188659165221
-974.7395621025865
-977.880452524056
-980.6168220714337
-982.8239556352229
-984.4164565975743
-986.5395364288005
-989.3781333321883
-992.6876726296731
-996.2235796431899
-999.741279694673
-1002.9961981060577
-1005.7437601992785
-1007.7393912962705
-1008.7385167189681
-1008.0695038246669
-1002.6851256632498
-993.6150318166555
-982.7761947883638
-972.0855870818541
-963.460181200606
-958.2748499824435
-951.521475044527
-942.4424484200765
-932.2198023636917
-922.0355691299735
-913.0717809735223
-905.8243386018308
-897.5517063386432
-888.3325135931796
-878.7751970040799
-869.4881932099839
-861.0799388495316
-853.0005534548602
-843.7871604798656
-834.1675050346473
-824.9058468146836
-816.7664455154536
-810.0230543986343
-800.2115250839478
-789.4292261862274
-780.9458657971159
-778.0311520082561
-784.0089500703438
-791.4627680504864
-800.0304175814564
-809.4341390253121
-819.3961727441114
-829.6387590999128
-839.884138454774
-849.8545511707533
-859.2722376099086
-867.8594381342982
-875.3383931059801
-881.4313428870123
-885.8605278394531
-889.9034653104782
-895.3888901669261
-902.1362544298203
-909.9641497523717
-918.6911677877916
-928.1359001892904
-938.1169386100792
-948.4528747033687
-958.9623001223698
-969.4638065202936
-979.7759855503507
-989.7174288657519
-1003.444870302299
-1014.4305953325759
-1020.5153964309945
-1023.3846708380372
-1024.7238157941847
-1026.2182285399194
-1028.6531134881363
-1030.0903935316821
-1031.2474314480417
-1032.164108432189
-1032.8803056790978
-1033.4359043837426
-1033.8707857410975
-1034.224830946137
-1034.5379211938346
-1034.8499376791644
-1035.2007615971015
-1035.630274142619
-1036.1783565106919
-1036.8848898962938
-1037.6315207418934
-1038.232508987785
-1038.693645264724
-1039.009889152402
-1039.176200230511
-1039.1875380787437
-1039.0388622767919
-1038.7251324043466
-1038.241308041101
-1037.5823487667467
-1036.7432141609759
-1035.7188638034804
-1034.5042572739524
-1033.094354152084
-1031.4841140175668
-1026.0875027098054
-1017.4838062071335
-1008.2260904912785
-998.943100894987
-990.2635827510067
-983.0897276741398
-973.6160208125133
-962.447940300323
-950.9373816624445
-940.4362404237535
-932.2964121091261
-927.8697922434379
-925.9460529240524
-926.8373052012971
-935.1808890256951
-942.6137660240661
-945.3631982756729
-945.6997637251441
-943.8339731036308
-939.8154221671801
-932.4234263265802
-923.0564044151621
-913.8339037254451
-906.6259786139242
-902.8291393809143
-902.8071386157537
-906.4402757083457
-913.3208489889433
-915.786457704849
-915.9174249423891
-911.4171426953976
-901.7740005358567
-890.332017532443
-880.4352127538343
-873.8939778497827
-865.1171985214094
-854.8536013658094
-844.6166079341857
-835.9196397777403
-830.2761184476757
-824.592931213894
-814.5650257566242
-804.0145030167268
-796.7711385513799
-793.5931023016163
-794.4365773994283
-798.4139251647025
-806.9017006281512
-814.1662404729245
-814.8949328277558
-811.7914132585585
-807.3234354136796
-801.5467753756241
-792.9308311116673
-784.1623423865232
-777.5688400374747
-775.1429157301205
-775.4872745718574
-779.3971346519982
-785.504514813958
-781.0632086503934
-777.0196850647341
-771.761283692854
-763.4943564620313
-753.5379680639647
-743.2111831903529
-733.8330665328947
-726.7330457433325
-719.7104723247725
-711.1771013609904
-701.9015826012468
-692.6525657948025
-684.1987006909181
-677.3086370388546
-670.8953647243799
-669.5409903875765
-671.4066160269392
-677.5563914949823
-688.0668793070713
-697.8500861404834
-701.4357038320474
-703.6980754297899
-702.4270097512021
-695.3482028119164
-685.6350763031724
-677.4199916255284
-670.8605129802077
-666.114204568433
-664.3066941956789
-665.3450710390935
-662.6167222578554
-656.3711749354862
-649.3876230932044
-639.6384813303749
-633.227323788708
-628.126630730571
-624.3331942961925
-618.0445005634527
-609.9544951750033
-600.7571237734946
-592.8944932496573
-586.0355425211179
-577.4707375350208
-567.827044309165
-557.7314288613509
-547.8108572093777
-538.6922953710454
-531.0027093641534
-525.3690652065013
-517.6523483378536
-507.28604696388817
-498.21439797984954
-493.21770279209704
-490.902563867864
-486.99017443590003
-482.07131127969114
-476.7367511827234
-471.57727092848256
-467.1535175261509
-462.45966902702924
-457.0841628359038
-451.12307779315523
-444.6724927391639
-437.82848651431044
-428.0768367605386
-419.69752324928686
-413.19727679788207
-411.8197929981074
-417.2510851386506
-425.2283536415425
-433.4410560200333
-439.57864978737337
-443.1676621940507
-448.56189790109244
-455.17886598357995
-462.36551869618415
-469.46880829357593
-475.83568703042613
-480.81310716140547
-484.0735226196223
-491.9680942124737
-501.8690182943227
-509.19876495798036
-511.5882425749316
-517.3019226368481
-525.5213612280097
-534.5191503124684
-542.5678818542756
-547.9579240507043
-553.3609597107036
-560.8529407492991
-569.7285968796281
-579.282657814828
-588.8098532680361
-597.604912952389
-606.522595370371
-613.754927561071
-618.7926597746952
-621.3896094915781
-621.2995941920543
-619.7407290948026
-618.382064702192
-617.0739830648494
-615.7628085406529
-614.394865487482
-612.9164782632154
-611.2739712257321
-609.4136687329107
-605.9277060935075
-600.370197528298
-592.9087440611006
-583.7037801653518
-572.9157403144877
-560.7050589819454
-548.7271380877444
-538.2444262789567
-528.8273795271278
-520.426961561137
-512.9941361098636
-506.4798669021866
-500.8037043877159
-494.26083559609896
-489.8138676978827
-491.9312368302168
-494.9830182831351
-499.53484606962536
-506.15235420267527
-515.4011766952729
-527.8469475604057
-538.9339216121715
-545.5337571462776
-554.2507341494485
-564.3287552794266
-575.0117231939539
-585.5435405507726
-595.168110007625
-603.1293342222534
-608.6711158523998
-617.8258571053552
-628.3391505260586
-636.4589650382807
-639.8753381339965
-644.8615457394994
-651.9705816447822
-659.320290984231
-665.0285188922314
-667.557126155921
-676.5495222929935
-685.6060322279917
-694.6340210524248
-703.5408538578023
-712.2338957356333
-720.6205117774268
-728.4241761622729
-735.6027429200572
-744.466642813918
-754.4639846904441
-765.0428773962228
-775.6514297778411
-785.7377506818868
-794.7499489549473
-802.1361334436101
-807.3444129944629
-814.2040352054698
-821.4777377838091
-828.9450975831546
-836.5321196629642
-844.1648090826967
-850.6959853292657
-858.940986936296
-868.3701358510398
-878.1554338278158
-887.4688826209435
-895.4824839847415
-901.3682396735292
-907.0974493990499
-912.2385173026543
-917.1681291473565
-922.5539421844735
-928.6353102524431
-937.7462967368839
-949.2060542684176
-959.0499771358311
-969.3362222443184
-979.2077198997116
-987.8074004078421
-994.2781940745415
-1000.9367517985156
-1010.61651148144
-1020.3200918487544
-1026.9512233371806
-1026.7124462080565
-1026.0837795093928
-1025.0825303495635
-1023.7260058369427
-1022.0315130799046
-1020.0163591868235
-1017.6978512660728
-1015.0932964260269
-1012.2200017750595
-1009.0952744215448
-1005.3574722878295
-999.9104698635886
-993.1391680180562
-985.5339217720314
-977.5850861463134
-969.7830161617007
-962.6180668389927
-956.5805931989885
-952.1609502624865
-949.8494930502859
-946.8970842809057
-941.5535581260485
-935.5297707851164
-929.1344755456197
-922.6764256950709
-916.4643745209805
-910.9195703661758
-904.6171921534869
-896.3851867405704
-886.6601929228239
-875.8788494956499
-864.4777952544484
-852.8936689946204
-841.5631095115658
-830.9227556006858
-821.4092460573806
-813.4592196770509
-807.5093152550974
-803.9961715869205
-799.3535942289469
-791.703564852178
-782.169578611132
-771.5797581702191
-760.7622261938502
-750.5451053464365
-741.7565182923886
-735.2245876961172
-731.7774362220333
-729.7579978823678
-725.3373401654187
-718.8538967969107
-710.708764554075
-701.3030402141422
-691.0378205543428
-680.3142023519082
-669.5332823840683
-659.0961574280545
-649.4039242610974
-640.8576796604275
-633.8585204032759
-628.8075432668729
-626.10584502845
-623.3914649748511
-619.3520928058076
-614.6054386779883
-609.6798386438146
-605.1036287557073
-601.4051450660874
-599.112723627376
-596.9781035715152
-591.522941422384
-583.3169990560207
-573.0754244727506
-561.5133656728991
-549.345970656792
-537.2883874247547
-526.0557639771125
-516.3632483141912
-508.9259884363162
-504.459132343813
-503.1228702791408
-499.82432872443604
-494.12171089582665
-487.08282737852943
-479.7754887577607
-473.26750561873666
-468.6266885466738
-466.18578201198187
-461.1784294389232
-453.2521489929187
-443.11220792920017
-431.4638735029999
-419.0124129695499
-406.46309358408223
-394.5211826018289
-383.89194727802214
-375.2806548678939
-369.39257262667627
-366.9329678096013
-374.35519190635506
-382.4220844339593
-390.9346425127751
-399.7885973404573
-408.8796801146608
-418.10362203304055
-427.35615429325145
-436.53300809294853
-445.5299146297866
-454.2426051014207
-462.56681070550565
-470.3982626396964
-477.63269210164793
-484.1658302890151
-489.89340839945294
-494.7111576306163
-498.46330679181875
-500.4425940146006
-502.2490058951042
-503.74447969835074
-504.7909526893608
-505.25036213315514
-504.98464529475484
-503.8557394391807
-501.7255818314535
-498.4561097365942
-493.9092604196236
-487.94697114556254
-480.6066497663066
-473.78635114230474
-467.8232855332404
-462.6145649802821
-458.0573015245992
-454.04860720736053
-450.48559406973516
-447.26537415289226
-444.2850594980005
-441.4417621462293
-438.6325941387472
-432.56783146739525
-424.3662946724236
-416.0387217925063
-408.50914128268244
-403.3854189257648
-400.66658960337185
-395.64919604325644
-388.22073236597464
-379.8044688649861
-373.15626604528546
-366.99144445452833
-359.95045565375403
-350.8013593163395
-340.3800130340035
-330.67901639246196
-323.738789322467
-321.59975175476836
-325.25995297905087
-329.73547793945687
-334.70984976347023
-340.9517653571588
-349.2299216265906
-359.1436915321173
-360.7715304211507
-354.54272410135684
-343.53429428799825
-331.0863670386714
-323.35744322612084
-318.9276851633597
-316.3365642772272
-313.73859724528205
-311.5230565927628
-310.0792148449082
-307.77465562167254
-301.22805874357124
-295.38555948225485
-290.5333025369447
-286.9574326068626
-284.94409439123024
-284.96899927101276
-288.2458790827519
-293.3737948761119
-298.43853039479916
-304.51846669111
-312.8894959727696
-316.5470952358036
-319.38730908410827
-321.83572567157665
-322.48174858344254
-321.8026381043927
-320.7984609124298
-319.19765924256313
-312.0888554341019
-307.6499619955696
-308.74215545578664
-313.5301329179856
-310.504283623519
-302.8097272012073
-304.51295866118636
-308.08870527580734
-310.60275855148546
-306.38689025950174
-299.50120571404705
-291.05257903431476
-279.9400653844971
-270.4309737477036
-266.1262854202937
-264.6550538348208
-263.90973303532144
-263.7548418448188
-264.21925936440743
-265.7502153611849
-268.1281218306272
-271.0629157163299
-274.2645339618888
-277.44291351089936
-282.5269882377869
-287.9149294243747
-293.3028706109625
-298.6908117975503
-304.0787529841381
-299.6275273606009
-290.2537408102571
-280.4557175115094
-271.9606431761355
-266.4957035159132
-261.3010935178117
-253.15399972762074
-243.89714904480428
-235.37728935839812
-231.12230095197287
-235.0954462014067
-238.4590102502351
-240.80719521167288
-241.7342031989345
-240.8342363252347
-238.19326995421423
-235.55423462764202
-232.10988728934285
-226.7218663449588
-218.25181020013233
-208.54107973865987
-207.1321943551101
-211.6919631231964
-218.64015444297956
-224.3965367145204
-225.5266306476127
-221.8687864647073
-215.2171979143242
-207.172427450322
-199.33503752655915
-192.3914968093987
-183.75480995610928
-176.22259648910818
-172.96329848736133
-175.9175719537182
-183.12765321868272
-191.9289134808804
-199.65674617475088
-203.64654473473396
-202.11016874966296
-198.62006086860467
-194.2573172832845
-189.46969187683158
-184.70493853237477
-180.410811133043
-177.0350635619653
-176.08280837994326
-177.91521968516582
-181.7497053269177
-187.15216466948604
-192.41950969454322
-199.84952579759442
-208.66824881410238
-217.84661964275227
-226.35557918222926
-233.16606833121836
-227.64226150215865
-219.57390900275772
-211.5055565033568
-207.59414953754555
-212.28442585750486
-221.92353327269012
-232.8528124387359
-241.4136040112768
-246.10624721141335
-247.566765513838
-247.2286389660451
-249.71600628433535
-258.25415486913676
-268.9255272354164
-279.44300306452504
-287.5194620378137
-283.14545621499286
-274.8195015981671
-268.90803076096324
-264.365174100769
-261.1633383798828
-259.39490852918084
-258.8734541408974
-259.5716778051093
-261.47827326713974
-266.79935533064065
-274.8337287806948
-283.35174774115615
-289.4012229481789
-299.2625983582995
-305.4127483719839
-315.5158599615037
-326.53112867111236
-335.41775004506417
-341.2955236829047
-350.1574999592387
-359.40399431936623
-366.9674870665176
-374.2931243260461
-383.2132446652332
-389.1652584856157
-387.85413976847093
-378.5155466041203
-381.095480709698
-388.83261669466697
-390.71228510077185
-383.69822752442974
-376.9945327868029
-376.2313521292417
-382.02146128120063
-385.5888580982411
-379.99460036125623
-370.6733148958573
-362.9714952573198
-360.8589472809651
-365.3950604446827
-370.4951778620519
-376.4956349917112
-383.8673081335078
-393.168223958784
-403.26011284308083
-412.86181875631723
-420.6921856684122
-425.4700575492846
-424.83660559911
